version: 1
creator: callgrind-3.9.0
pid: 8000
cmd:  bin/exec
part: 1


desc: I1 cache: 
desc: D1 cache: 
desc: LL cache: 

desc: Timerange: Basic block 0 - 1318421
desc: Trigger: Program termination

positions: line
events: Ir
summary: 7324809


ob=(1) /lib/x86_64-linux-gnu/ld-2.15.so
fl=(8) /build/buildd/eglibc-2.15/elf/../sysdeps/unix/sysv/linux/x86_64/brk.c
fn=(14) brk
29 1
+3 6
+8 1
-6 2
+7 1

fl=(37) /build/buildd/eglibc-2.15/elf/dl-reloc.c
fn=(146) _dl_relocate_object
154 7
+11 14
-11 35
+10 14
-10 21
+15 7
-15 14
+11 7
+4 7
+1 35
+6 14
+6 21
+4 14
+8 14
-33 7
+78 7
fi=(4) /build/buildd/eglibc-2.15/elf/../sysdeps/x86_64/dl-machine.h
96 14
fe=(37)
239 14
fi=(4)
96 7
+39 3
fe=(37)
265 277
152 1
265 2
152 1
265 1
fi=(5) /build/buildd/eglibc-2.15/elf/do-rel.h
57 1
fe=(37)
265 1
fi=(5)
67 1
fe=(37)
265 1
fi=(5)
56 2
+11 2
fe=(37)
+85 6
265 12
152 6
265 6
fi=(5)
57 6
fe=(37)
265 6
fi=(5)
67 6
fe=(37)
265 6
fi=(5)
56 12
+11 12
fe=(37)
265 7
fi=(5)
57 7
fe=(37)
265 7
fi=(5)
67 7
fe=(37)
265 7
fi=(5)
56 14
+11 14
+3 30
fi=(4)
470 1476
+4 1476
+2 2214
+1 738
fi=(5)
70 2259
+2 2265
+2 55
-4 6
+13 12
+1 10
+1 34
fi=(4)
470 34
+24 17
fi=(5)
84 17
fi=(4)
494 17
+2 17
cob=(4) /lib/x86_64-linux-gnu/libm-2.15.so
cfi=(48) /build/buildd/eglibc-2.15/math/../sysdeps/x86_64/fpu/multiarch/s_sin.c
cfn=(218) sin
calls=1 24 
* 16
cob=(4)
cfi=(57) /build/buildd/eglibc-2.15/math/../sysdeps/x86_64/fpu/multiarch/e_atan2.c
cfn=(214) __atan2_finite
calls=1 15 
* 16
cob=(4)
cfi=(54) /build/buildd/eglibc-2.15/math/../sysdeps/x86_64/fpu/multiarch/e_asin.c
cfn=(212) __asin_finite
calls=1 14 
* 13
cob=(4)
cfi=(56) /build/buildd/eglibc-2.15/math/../sysdeps/x86_64/fpu/multiarch/s_floor.S
cfn=(210) floor
calls=1 26 
* 12
cob=(4)
cfi=(55) /build/buildd/eglibc-2.15/math/../sysdeps/x86_64/fpu/multiarch/s_floorf.S
cfn=(208) floorf
calls=1 26 
* 12
cob=(4)
cfi=(54)
cfn=(206) __acos_finite
calls=1 10 
* 13
cob=(4)
cfi=(53) /build/buildd/eglibc-2.15/math/../sysdeps/x86_64/fpu/multiarch/s_rintf.S
cfn=(204) rintf
calls=1 26 
* 12
cob=(4)
cfi=(51) /build/buildd/eglibc-2.15/math/../sysdeps/x86_64/fpu/multiarch/e_log.c
cfn=(200) __log_finite
calls=1 15 
* 16
cob=(4)
cfi=(50) /build/buildd/eglibc-2.15/math/../sysdeps/x86_64/fpu/multiarch/e_pow.c
cfn=(198) __pow_finite
calls=1 8 
* 13
cob=(4)
cfi=(49) /build/buildd/eglibc-2.15/math/../sysdeps/x86_64/fpu/multiarch/s_rint.S
cfn=(196) rint
calls=1 26 
* 12
cob=(4)
cfi=(48)
cfn=(194) cos
calls=1 20 
* 16
cob=(4)
cfi=(45) /build/buildd/eglibc-2.15/math/../sysdeps/x86_64/fpu/multiarch/e_exp.c
cfn=(178) __exp_finite
calls=1 15 
* 1280
cob=(3) /lib/x86_64-linux-gnu/libc-2.15.so
cfi=(44) /build/buildd/eglibc-2.15/time/../sysdeps/unix/sysv/linux/x86_64/gettimeofday.c
cfn=(172) gettimeofday
calls=1 31 
* 76
cob=(3)
cfi=(38) /build/buildd/eglibc-2.15/string/../sysdeps/x86_64/multiarch/strcmp.S
cfn=(170) strncasecmp
calls=1 130 
* 6
cob=(3)
cfi=(43) /build/buildd/eglibc-2.15/string/../sysdeps/x86_64/multiarch/strnlen.S
cfn=(168) strnlen
calls=1 30 
* 6
cob=(3)
cfi=(40) /build/buildd/eglibc-2.15/time/../sysdeps/unix/sysv/linux/x86_64/time.c
cfn=(162) time
calls=1 29 
* 76
cob=(3)
cfi=(38)
cfn=(158) strcasecmp
calls=1 106 
* 81
fi=(5)
84 17
fi=(4)
497 17
fi=(5)
84 19
184 2
fe=(37)
+81 6
fi=(5)
-81 12
fe=(37)
+81 36
+3 21
+40 7
+3 14
+17 21
+2 56
fi=(5)
93 8
+2 16
+12 8
-14 8
+14 8
-14 8
+14 8
+10 12
+3 12
fi=(4)
460 5
fi=(5)
121 5
fi=(4)
460 5
fi=(5)
121 5
fe=(37)
+31 10
fi=(5)
-31 3532
fi=(4)
460 3532
+1 3542
fi=(5)
120 3542
fi=(4)
461 1771
fi=(5)
120 1771
+7 24
+3 7
+3 7
-3 7
+3 19
fi=(4)
396 24
fi=(5)
136 11135
+9 4454
+1 2227
+2 4454
fi=(4)
268 2227
fi=(5)
147 2227
-2 2227
+1 6681
fi=(4)
268 2227
+18 4454
+7 27543
fi=(5)
146 9
+1 9
fi=(4)
293 18
fi=(5)
146 9
fi=(4)
293 4863
fi=(5)
146 1209
+1 1209
fi=(4)
293 2418
fi=(5)
146 1209
fi=(4)
293 18243
cfi=(6) /build/buildd/eglibc-2.15/elf/dl-lookup.c
cfn=(152) _dl_lookup_symbol_x
calls=1218 716 
* 1020812
* 4872
+2 6681
+3 2213
-3 4426
+3 6639
+6 4454
96 12
+6 12
+4 18
+13 6
-8 6
+8 12
+13 6
+3 6
-3 6
+3 18
fe=(37)
+49 21
fi=(4)
-49 12
fe=(37)
265 36
fi=(4)
+28 4836
fi=(5)
133 12
+19 12
fi=(4)
304 8908
+85 2210
fi=(5)
133 4420
fi=(4)
389 2210
fi=(5)
133 2216
-16 3
fe=(37)
337 7
-1 14
+1 7
-1 14
+2 14
+3 14
+1 21
cfi=(23) /build/buildd/eglibc-2.15/misc/../sysdeps/unix/syscall-template.S
cfn=(104) mprotect
calls=7 82 
* 35
* 14
fi=(4)
+30 33
+4 33
+5 22
fi=(5)
133 11
fi=(4)
382 22
fi=(5)
133 22
fi=(4)
330 6
+1 4
fi=(5)
133 2
fi=(4)
331 2
fi=(5)
133 4
fi=(4)
322 8
+1 4
fi=(5)
133 4
fi=(4)
323 4
fi=(5)
133 8
+36 9
+2 25
+8 10
+1 5
-1 5
+1 5
fi=(4)
+88 5
fi=(5)
-89 10
fi=(4)
+89 5
+18 10
+7 140
cfi=(6)
cfn=(152)
calls=5 716 
* 3285
* 20
+2 15
+3 1
-3 2
+3 3
+6 10
-11 40
fi=(5)
169 18
+14 2
fi=(4)
304 20
+85 15
-96 22929
fe=(37)

fl=(128) /build/buildd/eglibc-2.15/elf/dl-fini.c
fn=(1154) _dl_sort_fini
34 9
+2 1
-2 2
+50 1
-48 1
+5 1
+1 1
-1 2
+1 1
+1 1
-1 1
+1 2
-1 3
+1 3
cfi=(30) /build/buildd/eglibc-2.15/string/../sysdeps/x86_64/multiarch/../memset.S
cfn=(106) memset
calls=1 +1 
* 19
+15 5
+62 4
+3 30
cfi=(30)
cfn=(106)
calls=5 -79 
* 75
* 5
-75 5
-1 5
+1 5
-1 5
+5 5
-5 5
+5 10
-4 2
-1 2
+1 2
-1 2
+5 2
-5 2
+5 18
+6 7
+1 26
+2 24
+1 12
-1 44
+1 28
+3 75
-1 105
+31 48
+21 16
-57 32
+61 20
+3 1
+4 8
-57 13
cfi=(34) /build/buildd/eglibc-2.15/string/../string/memmove.c
cfn=(124) memmove
calls=1 -21 
* 66
+4 1
-2 1
+2 3
-2 1
+2 1
+8 2
+7 6
cfi=(34)
cfn=(124)
calls=1 -40 
* 31
+1 3
+2 1

fn=(1152) _dl_fini
133 5
+19 1
-19 1
+12 1
-12 2
+13 1
+9 4
-23 5
+26 2
cfi=(2) /build/buildd/eglibc-2.15/elf/rtld.c
cfn=(48) rtld_lock_default_lock_recursive
calls=1 844 
* 2
+3 1
+3 2
+2 6
+11 4
+2 2
+3 9
+11 3
+2 14
+2 14
+2 14
+1 7
+1 7
+4 7
-12 21
+14 2
+5 5
cfn=(1154)
calls=1 34 
* 812
+9 2
cfi=(2)
cfn=(50) rtld_lock_default_unlock_recursive
calls=1 850 
* 2
+4 4
+2 2
+2 3
-2 12
+2 18
+3 14
+3 21
+4 8
+7 10
+4 16
+1 4
+1 4
-1 4
+2 16
+1 16
cob=(6) /lib/x86_64-linux-gnu/libgcc_s.so.1
cfi=(72) ???
cfn=(1226) 0x0000000000002f80
calls=1 0 
* 1267
cob=(7) /usr/lib/x86_64-linux-gnu/libstdc++.so.6.0.18
cfi=(73) ???
cfn=(1194) 0x000000000005c0f0
calls=1 0 
* 2161
cob=(5) /usr/local/lib/valgrind/vgpreload_core-amd64-linux.so
cfi=(59) ???
cfn=(1168) 0x0000000000000620
calls=1 0 
* 899
cob=(8) /home/hp/git/Algorithms/Dijkstra/bin/exec
cfi=(75) ???
cfn=(1156) 0x0000000000400af0
calls=1 0 
* 16
-1 16
+5 15
+1 15
cob=(2) ???
cfi=(14) ???
cfn=(1248) 0x000000000556efe8
calls=1 0 
* 1273
cob=(2)
cfi=(14)
cfn=(1246) 0x0000000004f3d198
calls=1 0 
* 3
cob=(2)
cfi=(14)
cfn=(1224) 0x0000000004ce5a1c
calls=1 0 
* 3
cob=(2)
cfi=(14)
cfn=(1192) 0x0000000004a257d0
calls=1 0 
* 3
cob=(2)
cfi=(14)
cfn=(1166) 0x00000000004021e4
calls=1 0 
* 3
+5 35
+16 14
-55 14
-70 3
285 5
-49 6
+3 2
+52 2
+7 8

fl=(10) /build/buildd/eglibc-2.15/elf/../misc/sbrk.c
fn=(20) sbrk
35 3
+8 1
-8 1
+8 5
+4 2
+11 5

fl=(22) /build/buildd/eglibc-2.15/string/../sysdeps/x86_64/memcpy.S
fn=(66) mempcpy
62 9
+4 9
+3 7
+1 7
+2 2
+1 2
+2 2
+1 2
+5 2
+1 2
-1 5
+1 5
+2 3
+1 3
+2 3
+1 3
+5 3
+1 3
-1 4
+1 4
+2 3
+1 3
+2 3
+1 3
+5 3
+1 3
-1 4
+1 4
+2 1
+1 1
+2 1
+1 2
+5 1
+1 1
-1 6
+1 8
+5 2
+1 2
+1 2
+1 2
+2 2
+2 2
+1 2
+2 2
+6 7
+4 7
+12 5
+2 5
+1 5
+26 5
+1 5
+3 5
+1 5
+1 5
+5 5
+2 5
+1 5
+1 5
+1 5
+2 5
+1 5
+1 5
+1 5
+2 5
+1 5
+2 5
+22 5
+2 5
+2 2
+7 2

fl=(15) /build/buildd/eglibc-2.15/elf/dl-minimal.c
fn=(34) calloc
111 17
-3 17
+3 34
-3 17
+3 34
+4 34
cfn=(38) malloc
calls=17 -20 
* 586
* 17

fn=(74) strsep
320 2
+3 4
+2 2
+1 4
+4 8
+5 2
-5 104
+5 210
+2 318
+8 53
-15 160
+18 1
+4 4

fn=(224) free
123 2
-2 4
+2 2
+7 4

fn=(42) __libc_memalign
53 148
+1 148
+11 37
+1 37
-1 37
+3 37
-3 37
+3 202
+4 20
+1 10
+6 35
cfi=(23)
cfn=(68) mmap
calls=5 +3 
* 30
+2 10
+2 15
+2 15
+3 5
+1 5
+2 25
-3 32
+1 32
+2 160
-31 3
+1 1
-2 3

fn=(38)
95 36
+1 72
cfn=(42)
calls=36 -43 
* 1035
* 36

fl=(47) /build/buildd/eglibc-2.15/elf/../elf/dl-runtime.c
fn=(188) _dl_fixup
74 154
+6 154
-6 77
+6 77
-6 231
+3 77
-1 77
+6 77
-5 77
+3 77
+1 77
-1 77
+1 77
+1 77
-1 154
+6 77
-6 231
+6 77
+4 231
+4 77
-2 77
+2 154
+4 152
+1 304
+2 228
+7 231
-1 77
+8 154
+3 693
cfi=(6)
cfn=(152)
calls=77 716 
* 70546
* 77
+4 231
+4 308
+6 539
+8 77
+8 308
+4 231
fi=(4)
+81 77
fe=(47)
-77 462
fi=(89) /build/buildd/eglibc-2.15/elf/../sysdeps/x86_64/dl-irel.h
33 3
cob=(3)
cfi=(122) /build/buildd/eglibc-2.15/string/../sysdeps/x86_64/multiarch/memmove.c
cfn=(1092) memcpy@GLIBC_2.2.5
calls=1 +9 
* 13
cob=(3)
cfi=(115) /build/buildd/eglibc-2.15/string/../sysdeps/x86_64/multiarch/strlen.S
cfn=(1010) strlen
calls=1 -1 
* 8
cob=(3)
cfi=(38)
cfn=(784) strcmp
calls=1 +55 
* 6
* 3
fe=(47)

fl=(30)
fn=(106)
44 19
+1 19
+1 19
+1 2
+1 2
+2 17
+1 17
+1 17
+1 17
+2 17
+1 17
+2 14
+5 14
+1 14
+1 14
+1 14
+1 14
328 2
+1 2
+1 2
+1 2
+1 2
+1 2
+1 2
+1 2
+1 2
+1 2
+1 2
+1 2
+1 2
-4 2
+1 2
+1 2
+1 2
+1 2
-2 1
+1 1
+1 1
-1 1
+1 1
+25 2
+1 2
+24 2
+1 2
+1 2
+14 1
+1 1
+1 1
+1 1
+1 1
+1 1
+1 1
+1 1
+1 1
+1 1
+1 1
+1 1
-1 2
+1 2
+24 2
+1 2
+1 2
+50 2
+1 2
+1 2
+1 2
+8 3
+1 3
+1 3
+1 3
+1 3
+1 3
+1 3
+5 3
+1 3
+1 3
+1 3
+1 3
+36 2
+1 2
+37 3
1214 3
+1 6
+4 3
+1 3
+1 6
+5 3
+2 3
+1 3
+1 3
+1 3
+1 3
+1 3
+1 3
+1 3
+1 3
+1 3
+1 3
+1 3
+1 3
+1 3
+1 3
+1 3
+2 3
+2 3
-21 33
+2 33
+1 33
+1 33
+1 33
+1 33
+1 33
+1 33
+1 33
+1 33
+1 33
+1 33
+1 33
+1 33
+1 33
+1 33
+1 33
+2 33
+2 33
+3 3
+1 3
+6 3
+1 3
+1 3
+1 3
+1 3

fl=(26) /build/buildd/eglibc-2.15/setjmp/../sysdeps/x86_64/setjmp.S
fn=(82) __sigsetjmp
26 11
+2 11
+1 22
+1 11
+4 11
+1 11
+1 11
+1 11
+1 11
+2 22
+2 11
+1 11
+2 22
+2 11
+4 11
+1 11

fl=(11) /build/buildd/eglibc-2.15/elf/dl-environ.c
fn=(26) _dl_next_ld_env_entry
31 2
+1 2
+2 7
+2 84
+11 41
-13 123
+17 1
-14 18
+5 1
-3 1
+3 1
+2 1

fl=(9) /build/buildd/eglibc-2.15/string/../sysdeps/x86_64/multiarch/../rtld-strlen.S
fn=(18) strlen
29 22
+1 22
+1 22
+1 22
+2 15
+1 15
+2 15
+1 15
-1 40
+1 40
+1 54
+1 54
+1 54
+2 42
+5 21
+1 21
+1 21
+1 21
+3 21
-6 8
+1 8
+1 8
+1 8
+3 8
+1 23
+1 23
+1 23
+2 23
+3 19
+1 19
+1 19
+1 19
+3 19
+1 18
+1 18
+1 18
+2 18
+3 16
+1 16
+1 16
+1 16
+3 16
+1 13
+1 13
+1 13
+2 13
+3 12
+1 12
+1 12
+1 12
+3 12
+1 10
+1 10
+1 10
+2 12
+3 2
+2 2
+1 2
-3 19
+2 19
+1 19
+1 18
+2 18
+1 18
+1 16
+2 16
+1 16
+1 16
+2 16
+1 16
+1 13
+2 13
+2 13
+1 13
+1 11
+2 11
+1 11
+1 8
+2 8
+1 8
+1 6
+2 6
+1 6
-1 16
+1 16

fl=(2)
fn=(136) init_tls.part.3
722 1
+13 1
+4 4
cfi=(15)
cfn=(34)
calls=1 111 
* 40
* 1
+11 1
-15 1
+3 1
+8 1
-11 1
+15 1
+2 1
-1 2
+3 14
+4 2
+2 2
-2 6
-5 2
-1 4
+1 5
-1 12
+10 3
+3 1
cfi=(33) /build/buildd/eglibc-2.15/elf/dl-tls.c
cfn=(138) _dl_determine_tlsoffset
calls=1 113 
* 108
+7 1
cfi=(33)
cfn=(140) _dl_allocate_tls_storage
calls=1 329 
* 423
+1 1
-1 1
+1 1
+6 1
+8 1
-8 1
+8 6
+7 1
-3 1
+3 2

fn=(48)
844 58
+1 58

fn=(24) process_envvars
2561 1
+8 1
-8 7
+23 1
-23 1
+1 1
+7 1
-7 1
+7 3
-4 1
-1 1
+5 2
+2 2
cfi=(11)
cfn=(26)
calls=1 31 
* 276
* 2
cfi=(11)
cfn=(26)
calls=1 31 
* 6
* 6
+4 18
+1 7
-1 21
+3 2
+6 6
2737 1
-4 1
+4 2
+33 2
+22 8
2607 4
cfi=(12) /build/buildd/eglibc-2.15/string/../string/memcmp.c
cfn=(28) bcmp
calls=1 322 
* 22
* 2
+7 4
cfi=(12)
cfn=(28)
calls=1 322 
* 70
* 2
+2 2
+1 1

fn=(22) dl_main
896 1
+19 1
-19 3
+27 1
-27 2
+22 1
-22 3
+32 1
-32 3
+32 1
-6 1
+9 1
-16 1
+3 1
+5 1
-1 1
+9 1
cfn=(24)
calls=1 2561 
* 488
+7 3
1126 7
cfi=(13) /build/buildd/eglibc-2.15/elf/dl-object.c
cfn=(30) _dl_new_object
calls=1 63 
* 245
+2 1
-2 1
+2 1
+1 1
+1 1
+5 1
-4 1
+4 1
-4 1
+4 1
cfi=(13)
cfn=(46) _dl_add_to_namespace_list
calls=1 34 
* 34
+1 4
905 1
1165 2
-3 1
-5 1
+1 1
+7 1
-5 1
+5 3
+56 2
902 1
1221 2
-55 24
-1 27
+1 47
-1 2
1268 3
+3 2
+2 2
+2 2
+13 3
+1 7
cfi=(17) /build/buildd/eglibc-2.15/string/../sysdeps/x86_64/multiarch/../strcmp.S
cfn=(52) strcmp
calls=1 135 
* 7
* 2
+17 2
fi=(3) /build/buildd/eglibc-2.15/elf/dynamic-link.h
106 1
+9 2
+6 1
-2 1
+2 4
+7 1
+5 1
+3 1
-7 14
+10 3
fe=(2)
892 6
fi=(3)
121 9
+8 21
+10 21
fe=(2)
892 42
fi=(3)
121 63
+18 1
fe=(2)
892 2
fi=(3)
121 3
+2 50
+5 16
+2 4
fe=(2)
1261 2
+1 2
+1 1
-6 2
+1 1
-88 3
+1 1
+50 6
-1 2
+2 4
+1 1
+3 2
+1 2
-1 2
+1 2
+1 2
+1 6
+1 2
-45 2
+2 1
+7 1
+18 1
-25 1
-3 1
+10 1
-19 3
+1 1
fi=(3)
146 3
+38 3
+5 2
+7 2
+1 3
+16 3
+14 3
+7 2
fe=(2)
1311 2
cfi=(6)
cfn=(10) _dl_setup_hash
calls=1 861 
* 27
+3 2
+20 2
+94 6
+5 2
cfi=(20) /build/buildd/eglibc-2.15/elf/dl-load.c
cfn=(60) _dl_init_paths
calls=1 712 
* 743
+3 3
cfi=(24) /build/buildd/eglibc-2.15/elf/dl-debug.c
cfn=(70) _dl_debug_initialize
calls=1 52 
* 18
+7 1
-7 1
+2 1
+5 1
+4 1
+1 1
+2 1
-1 1
-2 3
+1 1
+3 1
+5 2
+5 1
+2 2
+2 1
892 2
1464 1
892 1
1465 1
892 1
1469 1
+1 2
+1 2
-1 1
+1 2
+2 2
+1 2
+5 2
+5 3
911 1
1665 3
+3 2
+4 3
+5 2
+1 1
cfi=(24)
cfn=(72) _dl_debug_state
calls=1 77 
* 1
+4 3
+15 3
+4 3
+31 3
cfi=(21) /build/buildd/eglibc-2.15/io/../sysdeps/unix/syscall-template.S
cfn=(64) access
calls=1 82 
* 11
* 2
+77 4
+17 3
+1 1
-1 1
+1 2
-1 1
+1 4
cfi=(31) /build/buildd/eglibc-2.15/elf/dl-deps.c
cfn=(112) _dl_map_object_deps
calls=1 149 
* 24133
+1 1
+5 1
-5 3
+2 2
+3 4
+1 4
-1 2
+1 24
-1 12
+4 3
+1 3
+1 1
+2 2
+1 2
-1 1
+1 18
-1 15
+47 2
+2 2
-2 2
+1 2
-1 1
+2 1
-1 2
+1 1
cfi=(25) /build/buildd/eglibc-2.15/elf/dl-error.c
cfn=(126) _dl_receive_error
calls=1 198 
* 11423
+10 1
+1 1
-1 1
+1 1
+3 2
+3 1
cfn=(142) security_init
calls=1 857 
* 22
+2 3
2137 3
+56 1
+11 1
-11 1
+4 4
+4 2
+3 1
+8 2
1296 1
+3 1
-5 1
+3 1
+2 1
+1 2
+4 2
-57 3
2293 4
+2 1
+6 1
-6 1
+6 1
+9 4
+1 1
+5 2
cfi=(33)
cfn=(226) _dl_allocate_tls_init
calls=1 377 
* 213
+4 2
+14 3
+2 4
+15 1
+2 1
-2 1
+3 2
-3 2
+3 2
-3 1
+3 1
cfi=(37)
cfn=(146)
calls=1 154 
* 6661
+1 4
+2 2
+8 1
cfi=(7) /build/buildd/eglibc-2.15/elf/../elf/dl-sysdep.c
cfn=(228) _dl_sysdep_start_cleanup
calls=1 252 
* 1
+4 3
+20 3
cfi=(24)
cfn=(70)
calls=1 52 
* 9
+1 1
+1 1
cfi=(24)
cfn=(72)
calls=1 77 
* 1
+4 1
cfi=(32) /build/buildd/eglibc-2.15/elf/dl-cache.c
cfn=(230) _dl_unload_cache
calls=1 309 
* 15
+5 8
fi=(3)
133 4
fe=(2)
2258 3
+7 1
-7 1
+9 5
+1 5
+1 16
+2 7
-2 7
+2 14
+5 14
+2 14
+7 7
-2 7
+2 14
+1 48
cfi=(37)
cfn=(146)
calls=6 154 
* 1225588
+4 18
+1 4
cfi=(33)
cfn=(176) _dl_add_to_slotinfo
calls=2 817 
* 42
* 2
1842 2
+13 1
-1 1
+1 1
-1 1
+1 1
+2 1
+2 3
+2 1
-4 1
+5 1
-1 2
+14 2
+1 2
+1 3
-25 2
fi=(3)
136 4
+1 1
+1 3
fe=(2)
1330 2
+98 1
cfi=(18) /build/buildd/eglibc-2.15/elf/../sysdeps/unix/sysv/linux/dl-sysdep.c
cfn=(56) _dl_discover_osversion
calls=1 67 
* 89
* 2
+29 4
-11 4
2139 1
904 2
729 1
-4 2
+4 2
cfn=(136)
calls=1 -7 
* 655
* 2
1708 2
cfi=(9)
cfn=(18)
calls=1 29 
* 95
* 8
cfi=(16) /build/buildd/eglibc-2.15/string/../sysdeps/x86_64/multiarch/../memcpy.S
cfn=(44) memcpy
calls=1 62 
* 67
* 1
+3 5
-12 1
+12 2
+3 3
cfi=(15)
cfn=(74)
calls=1 320 
* 864
* 3
cfi=(15)
cfn=(74)
calls=1 320 
* 8
* 6
+1 2
+1 3
+2 4
cfn=(76) do_preload
calls=1 810 
* 2543
* 2
+2 1
+1 2
-1 3
+2 3
+91 5
+1 1
-1 3
+4 3
+1 1
+1 2
+1 2
2280 1
+1 1
-3 2

fn=(76)
810 1
+12 1
-12 5
+10 1
-4 1
+1 1
+5 4
-10 1
+6 1
+4 1
cfi=(25)
cfn=(78) _dl_catch_error
calls=1 160 
* 2516
+1 2
+10 3
+4 5

fn=(80) _dl_initial_error_catch_tsd
804 24

fn=(2) _dl_start
368 9
+18 4
fi=(4)
76 2
fe=(2)
386 1
+29 2
-3 1
fi=(3)
121 1
fe=(2)
415 1
fi=(3)
121 2
+7 1
+5 1
+3 1
+2 1
-9 1
fe=(2)
367 2
fi=(3)
124 30
+15 15
-18 45
+18 1
-18 3
+2 40
+5 20
+1 16
+10 4
-18 13
+25 2
+20 4
+1 4
+1 4
+1 4
+2 4
+5 4
+1 4
+1 4
+6 3
+5 2
+7 3
+1 3
+8 3
+2 3
+3 2
+1 2
fe=(2)
543 3
+7 1
291 68
+12 2
cfi=(6)
cfn=(10)
calls=1 861 
* 27
+1 1
+1 1
-1 1
+1 1
+1 1
+1 1
-1 1
+1 1
+21 1
+10 1
-10 3
+10 1
-6 1
-4 1
+10 1
cfi=(7)
cfn=(12) _dl_sysdep_start
calls=1 89 
* 1275667
* 1
+9 4
+3 1
+4 1
-4 1
+4 1
575 9
fi=(3)
130 4
+3 4
fe=(2)
548 24
fi=(5)
93 1
-1 1
+3 2
+25 2
fi=(4)
460 1
fi=(5)
121 1
fi=(4)
460 1
fi=(5)
121 1
fe=(2)
367 2
fi=(5)
121 26
fi=(4)
460 26
+1 28
fi=(5)
120 28
fi=(4)
461 14
fi=(5)
120 14
+5 2
+8 1
fi=(4)
304 1
fi=(5)
133 2
+13 1
+2 1
fi=(4)
286 3
fi=(5)
146 7
+2 7
fi=(4)
286 21
fi=(5)
146 24
fi=(4)
295 24
+3 8
-3 16
+3 24
+6 8
fi=(5)
148 8
fi=(4)
304 40
fi=(3)
136 4
+1 1
+1 3
fi=(4)
382 8
fi=(5)
133 16
fi=(4)
382 8
fi=(5)
133 9
fe=(2)

fn=(84) map_doit
631 2
+2 7
cfi=(20)
cfn=(86) _dl_map_object
calls=1 2276 
* 2447
* 1
+2 2

fn=(142)
857 2
+2 1
fi=(36) /build/buildd/eglibc-2.15/elf/../sysdeps/unix/sysv/linux/dl-osinfo.h
74 2
+23 1
+2 2
fe=(2)
861 1
+6 3
+2 1
fi=(36)
114 2
+11 1
fe=(2)
872 1
+2 1
+6 1
+1 3

fn=(50)
850 58
+1 58

fn=(128) version_check_doit
663 2
+2 4
cfi=(35) /build/buildd/eglibc-2.15/elf/dl-version.c
cfn=(130) _dl_check_all_versions
calls=1 387 
* 11383
* 2
+4 2

fl=(28) /build/buildd/eglibc-2.15/string/../sysdeps/x86_64/multiarch/../strchr.S
fn=(90) index
26 16
+1 16
+1 16
+1 16
+1 16
+1 16
+1 16
+1 16
+1 16
+1 16
+1 16
+1 16
+1 16
+1 16
+1 16
+1 16
+1 16
+1 16
+1 16
+1 16
+1 16
+2 13
+1 13
+1 13
+1 13
+1 13
+1 13
+1 13
+1 13
+1 13
+2 16
+1 16
+1 1
+1 1
+1 1
+1 1
+1 15
+1 16

fl=(60) /build/buildd/eglibc-2.15/string/../sysdeps/x86_64/multiarch/../cacheinfo.c
fn=(260) handle_intel
307 2
+6 2
-6 14
+1 4
+13 2
+1 2
+2 2
-5 2
+11 4
+5 2
-5 4
+5 2
+7 10
cfn=(262) intel_check_word
calls=2 163 
* 1568
+1 4
+3 10
cfn=(262)
calls=2 163 
* 197
+1 4
-10 2
+1 4
+26 16

fn=(256) init_cacheinfo
552 1
+13 1
-13 1
+13 1
-13 1
+13 1
+7 2
-6 1
cfi=(61) /build/buildd/eglibc-2.15/csu/../sysdeps/x86_64/multiarch/init-arch.c
cfn=(258) __init_cpu_features
calls=1 53 
* 74
* 2
+8 3
cfn=(260)
calls=1 307 
* 901
+4 2
-4 1
+4 1
cfn=(260)
calls=1 307 
* 956
+2 1
-2 1
-1 1
+3 1
+29 1
-18 1
+18 3
+7 5
+6 2
-6 12
+6 6
+3 20
+2 1
+6 6
+7 5
+2 1
+2 2
-4 4
+2 1
+2 6
+2 4
+5 1
+2 2
+1 1
-1 2
+1 1
+5 1
+12 4
+75 2
+2 1
+1 1
+2 1
-3 1
+5 1
-5 1
+4 3
+4 2
+2 1
+1 1
+2 1
-3 1
+5 1
+2 1
-7 1
+4 2
+3 1
-3 1
+3 2
-93 7

fn=(262)
163 40
+1 8
+8 4
-2 32
+14 20
+53 16
+36 40
-1 8
+1 8
cfi=(62) /build/buildd/eglibc-2.15/stdlib/bsearch.c
cfn=(264) bsearch
calls=8 27 
* 1358
+2 16
+22 8
172 16
+2 10
+2 20
301 2
+1 28
196 10
+5 10
-5 2
+5 7
+11 8
+1 9
+17 3
-34 15
+5 6
+4 8
+6 10
+4 2
+2 4
-12 2
+2 4
+12 2
+2 2
+1 2
-3 2
+2 2
-1 2
-1 2
+2 2
-1 6
+1 2
-2 4
-7 3

fn=(266) intel_02_known_compare
152 54
+1 54
-1 108
+3 108
+1 54

fl=(29) /build/buildd/eglibc-2.15/io/../sysdeps/unix/sysv/linux/wordsize-64/fxstat.c
fn=(102) _fxstat
37 6
-1 6
+1 6
+1 36
+4 6

fl=(16)
fn=(44)
62 23
+2 23
+2 23
+3 23
+1 23
+2 4
+1 4
+2 4
+1 4
+5 4
+1 4
-1 19
+1 19
+2 8
+1 8
+2 8
+1 16
+5 8
+1 8
-1 15
+1 15
+2 7
+1 7
+2 7
+1 7
+5 7
+1 7
-1 16
+1 16
+2 11
+1 11
+2 11
+1 11
+5 11
+1 11
-1 12
+1 24
+5 12
+1 12
+1 12
+1 12
+2 12
+2 12
+1 12
+2 12
+8 23
+8 10
+6 10
+2 10
+1 10
+3 5
+1 10
+5 5
+1 5
+2 5
+2 5
+1 5
+2 5
-8 12
+1 12
+2 12
+2 12
+1 12
+2 17
+9 5
+1 5
-1 5
+1 5
+3 10
+1 10
+1 10
+5 8
+2 8
+1 8
+1 8
+1 8
+2 8
+1 8
+1 8
+1 8
+2 8
+1 8
+2 8
+22 10
+6 10
+1 10

fl=(7)
fn=(228)
252 1

fn=(62) _dl_important_hwcaps
354 1
+3 1
-3 7
+3 1
-1 1
+1 1
+9 1
-12 4
+12 1
+10 1
-1 1
-1 1
+2 3
+44 5
cfi=(21)
cfn=(64)
calls=1 82 
* 11
* 4
611 9
418 1
+17 1
-17 1
+17 5
+3 2
+27 2
+8 2
+2 1
+1 1
-1 2
+1 4
+4 1
+4 1
-4 1
+1 1
-1 1
+4 1
+4 4
-1 2
+4 6
+1 2
+18 8
+1 1
-1 2
+1 3
cfi=(15)
cfn=(38)
calls=1 95 
* 30
* 1
+1 1
-1 1
+1 1
+7 2
+25 1
-3 3
+3 1
+28 4
-5 1
+5 4
+1 1
-1 6
+1 3
-1 9
+10 1
352 1
577 2
+5 1
352 2
577 3
+3 1
-3 1
+3 1
-3 3
+3 1
-3 1
+3 7
+1 12
+1 4
-1 4
+1 8
-2 4
+1 8
-1 14
+4 4
+3 1
+2 2
-1 1
-1 2
+2 4
+13 3
-13 1
+13 4
+1 1
+2 2
-3 3
+1 1
+2 2
+3 3
+2 1
448 2
-12 2
546 3
cfi=(22)
cfn=(66)
calls=1 62 
* 22
* 1
+1 1
-1 1
+1 2
cfi=(22)
cfn=(66)
calls=1 62 
* 22
* 5

fn=(12)
89 7
+25 1
-1 1
+1 1
-25 1
+25 134
+3 1
-3 1
-23 1
+27 1
-28 1
+27 1
+3 1
-6 1
+6 10
+1 1
-1 3
+1 102
+3 3
-4 1
-34 2
+34 20
-34 34
+34 60
fi=(18)
-84 2
cfi=(8)
cfn=(14)
calls=1 -7 
* 11
fi=(4)
224 5
fe=(7)
+5 2
cfi=(10)
cfn=(20)
calls=1 35 
* 17
* 3
+12 3
+3 5
cfi=(2)
cfn=(22)
calls=1 896 
* 1275160
+2 9
-67 1
+1 1
-26 1
+1 1
+8 1
+1 1
-4 1
+1 1
-4 1
+1 1
-25 1
+1 1
-4 1
+1 1
-4 1
+1 1
+99 1
cfi=(9)
cfn=(18)
calls=1 29 
* 42
* 2

fl=(33)
fn=(176)
817 2
+9 2
-9 6
+6 4
+8 6
+42 2
-1 6
+1 2
-1 2
+1 2
+1 8

fn=(138)
113 7
+6 3
+3 2
+36 3
+2 9
-2 14
+2 2
+3 2
-1 2
+5 4
-4 2
-1 2
+17 2
-17 2
+3 4
+2 2
+12 2
-12 4
+16 10
+2 2
+1 2
-1 4
+10 2
-12 4
+15 6
+1 1
+51 1
+1 8

fn=(140)
329 1
+13 1
-13 2
+2 1
+11 2
cfi=(15)
cfn=(42)
calls=1 53 
* 49
* 1
+1 1
-1 1
+1 1
+7 1
+4 306
-58 1
+1 3
cfi=(15)
cfn=(34)
calls=1 111 
* 40
* 1
+1 2
-2 2
+11 2
+64 5

fn=(226)
377 7
+1 1
-1 1
+1 1
+4 1
+8 1
-5 1
+5 1
-6 1
-2 1
+8 3
+5 6
+6 3
-25 5
+47 4
+1 8
+2 4
+1 4
+8 8
+1 2
+1 6
cfi=(22)
cfn=(66)
calls=2 62 
* 37
* 10
cfi=(30)
cfn=(106)
calls=2 44 
* 48
* 6
-42 6
+6 8
+3 2
+1 4
+6 6
+3 2
-1 4
+38 2
+3 9

fn=(122) _dl_next_tls_modid
51 2
+3 6
+48 4
+4 4

fl=(34)
fn=(124)
49 4
+6 8
-6 4
+1 4
-1 4
+2 4
-2 12
+6 8
+5 12
+22 8
-37 8
+37 90
+30 28

fl=(35)
fn=(132) _dl_check_map_versions
180 63
+15 7
-15 14
+15 14
+2 7
+3 7
-3 7
+2 7
+1 7
+2 7
-3 7
+3 7
+3 15
+4 5
-4 5
+4 25
+17 5
62 5
226 10
62 30
226 5
62 5
226 10
62 50
+1 41
-1 82
+2 153
cfi=(27) /build/buildd/eglibc-2.15/elf/dl-misc.c
cfn=(88) _dl_name_match_p
calls=51 305 
* 3366
* 102
230 20
+4 30
+5 40
+20 12
-16 245
cfn=(134) match_symbol
calls=5 82 
* 859
* 51
cfn=(134)
calls=17 82 
* 2900
* 22
+8 44
-8 44
+11 66
+9 40
+5 15
+1 5
-80 2
-8 2
+96 14
+3 20
+10 66
-7 132
-3 132
+6 198
-3 10
-3 10
+6 15
+8 14
+87 63
-81 24
cfi=(15)
cfn=(34)
calls=6 111 
* 263
* 6
+1 6
-2 6
+2 6
+11 6
+2 6
-5 6
+3 12
+2 6
+3 20
+4 30
+18 12
-15 36
+2 36
-2 30
+2 30
+2 22
+1 22
-1 66
+1 22
+1 22
-2 22
+2 44
+1 66
+3 66
+8 30
+5 5
+1 5
+4 12
+3 25
+20 66
-14 66
-2 66
+2 71
-2 5
+2 5
+4 66
+2 66
-1 132
+1 66
-1 198
+1 66
+1 66
+3 218

fn=(134)
82 220
+9 22
-8 22
-1 66
+1 22
+8 22
+6 66
+15 22
+1 44
+2 22
+5 44
+14 298
+12 381
+4 127
-30 254
+16 22
+3 110
cfi=(17)
cfn=(52)
calls=22 -4 
* 1731
* 66
+3 22
+32 176

fn=(130)
387 5
+2 1
-2 2
+4 4
+1 21
+1 28
cfn=(132)
calls=7 180 
* 11266
-2 7
+1 28
-1 14
+5 7

fl=(20)
fn=(86)
2276 110
+7 11
-7 33
+7 11
+1 22
+3 66
+12 82
-12 123
+5 141
+1 94
+2 141
cfi=(27)
cfn=(88)
calls=47 305 
* 3036
* 94
2570 99
2322 5
-1 25
+11 15
+26 10
-2 5
+2 5
cfi=(28)
cfn=(90)
calls=5 26 
* 146
* 10
2501 6
cfn=(92) expand_dynamic_string_token
calls=1 421 
* 256
+1 1
-3 1
+4 1
-1 1
+4 9
cfn=(94) open_verify
calls=1 1857 
* 413
+3 1
-3 1
+3 1
+12 20
+2 10
+45 5
-1 5
+1 40
-1 5
+1 15
cfn=(100) _dl_map_object_from_fd
calls=5 916 
* 8141
* 10
2321 10
+41 8
cfi=(9)
cfn=(18)
calls=4 29 
* 233
* 4
+2 4
-2 4
+2 4
+7 16
+35 8
+87 8
-87 4
+7 8
689 12
+3 1
2414 1
692 1
+3 3
2421 16
+5 8
cfi=(32)
cfn=(116) _dl_load_cache_lookup
calls=4 183 
* 4902
+2 4
-2 4
+2 4
+5 12
+8 8
+27 36
cfn=(94)
calls=4 1857 
* 1826
+3 4
-3 4
+3 4
161 8
cfi=(9)
cfn=(18)
calls=4 29 
* 323
* 4
+1 12
cfi=(15)
cfn=(38)
calls=4 -67 
* 120
* 4
+2 12
+3 12
cfi=(16)
cfn=(44)
calls=4 62 
* 286
2474 4
-1 4
+1 4
-94 4
-5 8
+5 4
+3 8
-3 8
+3 16
-3 15
689 15
+3 1
2381 1
692 1
+3 3
2395 16
+1 28
689 12
+9 2
2300 123
+3 22
+2 22
-1 44
+1 22
cfi=(17)
cfn=(52)
calls=22 135 
* 483
* 44
698 2

fn=(94)
1857 60
+36 5
-36 10
+36 18
+21 20
cfi=(21)
cfn=(96) open
calls=5 82 
* 25
+1 5
-1 5
+1 5
+11 15
-1 5
+1 10
cfi=(21)
cfn=(98) read
calls=5 82 
* 25
+7 5
-7 10
+7 5
+16 20
cfi=(12)
cfn=(28)
calls=5 322 
* 385
* 10
+2 5
-2 10
+4 20
cfi=(12)
cfn=(28)
calls=5 322 
* 350
-4 10
+60 10
+5 10
+2 15
+6 10
+7 5
+1 5
-1 20
+1 15
+1 10
+15 281
+2 93
+4 15
+1 5
-1 5
+14 5
+1 5
-1 5
+1 5
-1 5
+1 5
-2 5
+4 15
+5 2
+1 2
-13 8
cfi=(12)
cfn=(28)
calls=2 322 
* 140
* 20
cfi=(12)
cfn=(28)
calls=5 322 
* 375
* 14
+16 4
+6 2
-3 2
+1 2
+1 2
+1 4
+1 6
-4 2
+1 2
+1 2
-1 6
-1 2
+4 4
+28 45
1905 6

fn=(60)
712 1
+15 2
-15 8
+15 3
cfi=(7)
cfn=(62)
calls=1 354 
* 353
+5 1
-5 1
+5 1
cfi=(15)
cfn=(38)
calls=1 95 
* 30
* 1
+1 1
-1 1
-1 1
+2 1
+8 1
-1 1
+1 1
-1 4
+5 2
cfi=(15)
cfn=(38)
calls=1 95 
* 53
* 1
+2 1
-3 1
+3 1
+17 1
+12 1
-14 1
+12 1
-5 1
-5 1
+3 1
+9 1
-65 1
+42 1
+1 1
+13 1
-56 1
+54 1
-54 1
+57 1
-12 1
-45 1
+62 8
-62 20
+61 8
-61 4
+61 12
+2 4
-1 12
+1 4
-1 48
+1 8
-1 24
+3 18
-14 3
+14 3
-12 3
-2 3
+2 3
+4 3
-3 3
+2 3
+2 3
-1 6
+4 3
-3 3
+3 6
-3 3
-7 6
+25 1
-11 1
+6 1
+1 1
+5 2
+2 4
+2 3
+32 2
+55 1
+1 8
-72 1
-2 1
+2 2
+11 2

fn=(100)
916 55
+11 5
-11 5
+11 5
-11 10
+11 5
cfi=(24)
cfn=(70)
calls=5 52 
* 45
+4 15
-4 5
+4 5
cfi=(29)
cfn=(102)
calls=5 37 
* 50
* 10
+11 35
+1 15
-1 60
+1 80
+17 10
+25 15
+10 10
+22 20
+31 10
928 5
1051 35
cfi=(13)
cfn=(30)
calls=5 63 
* 2356
+1 5
-1 5
+1 5
+11 5
+2 5
-2 5
+5 5
-4 5
-1 5
+4 5
-2 5
+2 5
-3 5
+5 5
-2 5
+1 15
+25 5
+8 5
-27 5
+19 25
+8 15
-8 5
+8 10
-8 5
+8 15
+89 10
-95 5
-1 5
-10 5
1190 15
-88 68
+6 10
+1 20
-8 328
+1 234
+60 6
+4 2
+1 2
+1 2
-1 2
+1 4
+3 6
+1 2
+3 2
-3 2
+7 8
+6 2
cfi=(33)
cfn=(122)
calls=2 51 
* 16
* 6
+1 2
-73 4
+1 2
1244 10
+1 15
+1 5
-6 10
+1 5
1119 50
+6 20
+1 10
-1 40
+10 20
-2 10
+1 10
+4 10
-4 10
-1 20
+1 10
-1 10
+2 10
-1 10
+3 10
-1 10
+3 10
+4 10
-7 10
+2 10
+1 10
+4 10
+1 25
+5 35
+10 5
-10 35
+10 5
+90 10
+13 5
1064 5
1262 5
-3 5
+3 15
1064 5
1262 5
+2 5
-2 5
+2 5
+14 10
+5 30
cfi=(23)
cfn=(68)
calls=5 82 
* 30
+4 5
-4 5
+4 10
+7 10
+1 5
+2 5
-3 5
+1 5
+2 5
+10 5
+35 30
+1 15
+2 20
+7 40
+6 5
+2 5
-2 5
+1 5
+2 5
-1 5
+1 5
-1 20
+8 10
+3 10
+11 40
cfi=(30)
cfn=(106)
calls=5 44 
* 861
+1 30
+5 10
+15 10
-73 50
+2 20
+2 50
cfi=(23)
cfn=(68)
calls=5 82 
* 30
* 10
-30 5
-1 25
cfi=(23)
cfn=(104)
calls=5 82 
* 25
* 5
1407 5
-77 5
+77 10
+9 10
fi=(3)
115 5
fe=(20)
1416 5
fi=(3)
115 5
+6 5
-2 5
+2 10
+7 5
+5 5
+3 5
-7 5
fe=(20)
913 10
fi=(3)
129 104
+10 26
-18 78
+8 93
+10 93
-18 279
+18 5
-18 15
+2 248
+5 124
+2 20
+16 10
+20 17
+1 20
+1 20
+1 20
+2 20
+5 20
+1 19
+1 20
+6 15
+5 10
+7 10
+1 15
+16 15
+5 2
+2 2
-2 4
+2 2
+2 4
+2 4
+3 15
+2 2
+2 2
+3 10
fe=(20)
1422 20
+16 15
+19 10
+2 25
+55 15
+1 4
+3 4
cfi=(21)
cfn=(110) close
calls=2 82 
* 10
* 6
cfi=(21)
cfn=(110)
calls=3 82 
* 15
* 10
+8 10
+3 15
+2 5
-2 5
+2 5
+16 10
cfi=(6)
cfn=(10)
calls=5 861 
* 135
+4 10
+19 10
+4 5
-4 5
+8 5
-8 5
+4 5
+4 5
+6 15
cfi=(13)
cfn=(46)
calls=5 34 
* 240
+4 15
+20 45
-56 10
fi=(3)
133 20
+3 20
+1 5
+1 15
fe=(20)
1346 15
+2 3
-1 12
+1 12
-1 6
+3 12
+42 16
cfi=(23)
cfn=(68)
calls=2 82 
* 12
+3 4

fn=(92)
421 7
+10 1
-10 1
+10 1
-10 1
+10 1
cfi=(28)
cfn=(90)
calls=1 26 
* 52
* 2
161 2
cfi=(9)
cfn=(18)
calls=1 29 
* 86
* 1
+1 2
cfi=(15)
cfn=(38)
calls=1 -67 
* 30
* 1
+2 2
+3 2
446 3
167 1
446 3
167 1
cfi=(16)
cfn=(44)
calls=1 62 
* 56

fl=(31)
fn=(112)
149 1
+1 1
-1 2
+1 1
-1 1
+1 1
-1 1
+1 2
-1 5
+1 1
-1 1
+1 2
+16 1
-16 1
+14 1
+1 1
+1 1
+6 4
+10 2
-14 1
+14 1
-36 3
+20 1
-2 1
+19 1
-17 1
+6 1
-6 1
-2 1
+2 1
-2 1
+1 1
+1 1
+6 3
+10 1
-10 1
+10 5
+4 1
+21 1
+1 1
-22 2
+19 1
+3 3
-3 1
+7 1
+1 1
-1 1
+5 1
+4 2
-9 6
+1 6
-1 6
+5 6
+4 12
+12 14
+2 5
+11 5
-4 5
+1 5
-2 5
-6 5
+7 5
+1 5
-8 5
+5 5
+6 35
+50 20
+1 21
-51 516
+1 258
+6 50
cfi=(28)
cfn=(90)
calls=10 26 
* 322
* 30
+5 50
-3 10
+3 10
cfi=(25)
cfn=(78)
calls=10 -98 
* 20377
+2 30
+15 10
+2 20
+5 5
+6 5
+2 5
-8 10
+5 5
-2 5
+1 5
+2 5
+4 30
-59 8
-19 2
477 14
+2 15
+3 10
-1 5
cfi=(15)
cfn=(38)
calls=5 95 
* 150
* 5
+2 5
-2 5
+2 5
+4 20
-1 5
+2 5
-1 5
cfi=(16)
cfn=(44)
calls=5 62 
* 129
+1 20
cfi=(16)
cfn=(44)
calls=5 62 
* 129
+4 5
-1 5
+5 35
+2 7
+1 44
222 44
+2 5
+2 5
-2 5
+2 10
+2 26
499 1
206 1
499 2
+4 5
+1 2
+3 5
+11 3
-1 1
cfi=(15)
cfn=(38)
calls=1 95 
* 30
* 1
+3 1
-3 1
+3 1
+5 2
+1 1
-1 2
+1 1
-1 1
+1 8
+8 4
+4 2
-10 3
-2 6
+8 24
+4 12
-10 19
+13 2
+51 5
+2 3
213 2
637 1
-5 1
+6 2
-2 1
+1 5
+1 3
cfi=(30)
cfn=(106)
calls=1 44 
* 19
* 5
+4 1
+7 1
-6 2
+6 1
-7 6
+7 6
-6 12
+6 18
+2 24
+1 12
-1 44
+1 28
+3 75
-1 105
+23 16
-28 32
+31 18
+3 40
cfi=(30)
cfn=(106)
calls=5 44 
* 75
* 15
-24 11
cfi=(34)
cfn=(124)
calls=1 49 
* 66
+4 2
-2 1
+2 5
+20 1
+7 2
+2 1
+1 1
-1 1
+9 2
+3 3
+3 8
-37 2
-1 1
+1 2
cfi=(34)
cfn=(124)
calls=1 49 
* 31
+2 2
+2 2
299 476
630 6
cfi=(16)
cfn=(44)
calls=1 62 
* 51
+2 3

fn=(114) openaux
62 20
+7 10
-4 30
+2 10
-2 10
+2 10
-2 50
cfi=(20)
cfn=(86)
calls=10 2276 
* 19637
* 10
+5 20

fl=(24)
fn=(70)
52 14
+9 1
-1 1
+1 1
+1 2
-1 1
+1 3
+1 2
+4 7
-10 7
-4 7
+4 26

fn=(72)
77 2

fl=(1) ???
fn=(0) 0x00000000000016b0
0 2
cfi=(2)
cfn=(2)
calls=1 368 
0 1276502
0 14
cfi=(58) /build/buildd/eglibc-2.15/elf/dl-init.c
cfn=(236) _dl_init
calls=1 93 
0 9876
0 3
cob=(8)
cfi=(75)
cfn=(484) 0x0000000000400a30
calls=1 0 
0 6038412

fl=(18)
fn=(56)
67 7
+2 4
+85 9
-45 2
cfi=(19) /build/buildd/eglibc-2.15/posix/../sysdeps/unix/syscall-template.S
cfn=(58) uname
calls=1 -27 
* 5
* 1
+15 1
-15 1
+20 1
-1 1
+3 12
+4 3
-2 9
+2 9
+7 3
-1 3
+4 3
-2 3
+2 10
+5 2

fl=(25)
fn=(78)
160 77
+9 11
+2 11
cfi=(2)
cfn=(80)
calls=11 804 
* 22
* 11
+1 11
+2 22
-2 11
+2 11
cfi=(26)
cfn=(82)
calls=11 26 
* 209
+1 11
-1 11
+1 11
+2 22
+1 11
-1 11
+1 11
cfi=(31)
cfn=(114)
calls=10 62 
* 19807
cfi=(2)
cfn=(84)
calls=1 631 
* 2459
+1 33
+2 11
-1 22
+1 11
+1 22
+10 44

fn=(126)
198 10
+1 1
cfi=(2)
cfn=(80)
calls=1 804 
* 2
+5 1
-1 1
-4 1
+9 1
+2 1
-3 1
+3 1
cfi=(2)
cfn=(128)
calls=1 663 
* 11393
+2 1
+1 1
+1 8

fl=(21)
fn=(96)
82 24
+1 6

fn=(98)
82 20
+1 5

fn=(64)
82 24
+1 6
+1 36

fn=(110)
82 24
+1 6

fl=(46) /build/buildd/eglibc-2.15/elf/../sysdeps/x86_64/dl-trampoline.S
fn=(186) _dl_runtime_resolve
31 77
+2 77
+1 77
+1 77
+1 77
+1 77
+1 77
+1 77
+1 77
+1 77
+1 77
cfi=(47)
cfn=(188)
calls=77 +32 
* 77192
+1 77
+1 77
+1 77
+1 77
+1 77
+1 77
+1 77
+1 77
+1 77
+2 77

fl=(61)
fn=(258)
53 1
-8 1
+8 1
+3 1
-3 1
+3 5
+92 2
+4 2
+2 3
+15 1
+1 1
+2 1
+1 2
-15 2
+1 1
+2 2
+3 2
-99 1
-33 2
+6 1
-6 2
+6 1
+1 1
+30 1
-30 1
+30 1
-37 1
+6 1
+27 1
-26 1
+26 1
+4 1
+1 1
-38 2
+33 1
+5 1
+5 1
+2 1
-2 1
-17 1
+58 1
-38 1
+1 2
+11 1
-32 1
+32 1
+22 3
-33 9

fl=(13)
fn=(46)
34 24
+2 6
-2 6
+2 6
cfi=(2)
cfn=(48)
calls=6 844 
* 12
+2 43
+3 75
+2 5
+2 5
+4 5
+4 5
-4 10
+1 10
+1 10
+2 5
+1 15
-1 5
cfi=(2)
cfn=(50)
calls=5 850 
* 10
-4 1
+4 1
-4 2
+1 2
+1 2
+2 1
+1 3
-1 1
cfi=(2)
cfn=(50)
calls=1 850 
* 2
-5 2

fn=(30)
63 54
+1 6
-1 24
+1 6
cfi=(9)
cfn=(18)
calls=6 -35 
* 329
+6 6
-6 6
+6 78
+7 24
cfi=(15)
cfn=(34)
calls=6 +34 
* 270
* 6
+3 6
-3 6
+3 12
+4 6
-1 6
-19 6
+25 6
-5 6
+5 6
-1 12
+1 6
cfi=(16)
cfn=(44)
calls=6 -27 
* 178
+2 6
-2 6
+5 12
-1 6
+1 18
+3 6
-3 6
+3 6
+6 6
+3 6
-7 6
+4 6
+3 6
-45 5
+47 2
-2 2
+2 30
-2 30
+18 6
-6 6
+1 6
-1 6
+6 36
+2 5
+3 5
-3 20
+3 5
+4 19
+4 15
+8 1
+6 1
-3 2
+3 7
-3 10
+3 10
+2 10
cfi=(9)
cfn=(18)
calls=5 29 
* 334
* 5
+4 5
-4 5
+4 5
+64 5
+4 54
-88 15
-39 12
+26 2
-2 1
+7 4
+8 3
+24 10
cfi=(15)
cfn=(38)
calls=5 -66 
* 150
* 5
+1 5
-1 5
+1 15
+45 15
cfi=(22)
cfn=(66)
calls=5 62 
* 190
* 5
+5 79
+1 79
-1 79
+1 84
-1 5
+1 5
+2 10
+3 10

fl=(62)
fn=(264)
27 80
+7 8
-7 8
+20 8
-13 32
+7 8
+1 8
-8 16
+2 54
+2 54
-2 54
+1 216
+1 108
cfi=(60)
cfn=(266)
calls=54 152 
* 378
+1 108
+1 46
-6 92
+13 8
+1 72

fl=(32)
fn=(116)
183 32
+8 8
+3 12
+45 9
+6 12
+15 12
cfi=(21)
cfn=(64)
calls=4 82 
* 44
+5 4
-5 4
+19 4
-14 20
+14 4
-15 4
+15 16
-25 4
+25 4
-25 4
+25 576
cfn=(120) _dl_cache_libcmp
calls=36 164 
* 2846
* 140
+21 36
197 4
cfi=(27)
cfn=(118) _dl_sysdep_read_whole_file
calls=1 44 
* 68
+8 1
-8 1
+8 4
+1 4
cfi=(12)
cfn=(28)
calls=1 322 
* 98
* 2
+7 1
-3 1
+3 3
+3 1
+1 2
-1 1
+1 1
+1 3
cfi=(12)
cfn=(28)
calls=1 322 
* 157
* 2
+18 2
+43 31
cfn=(120)
calls=5 164 
* 521
* 13
-97 1
+97 5
-97 4
+97 48
-97 4
+97 8
-97 4
+97 76
+16 16
-16 20

fn=(120)
164 123
-23 92
+2 452
+2 226
-2 226
+2 10
+6 5
+1 10
-1 5
+2 5
-1 5
-1 5
+2 15
+2 25
+2 10
+6 442
+2 442
+5 370
-1 185
+1 185
-29 370
+32 15
-7 144

fn=(230)
309 1
+1 4
+2 2
cfi=(23)
cfn=(232) munmap
calls=1 82 
* 5
+1 1
+2 2

fl=(12)
fn=(28)
322 21
+7 21
-7 105
+7 21
+4 24
+2 1
+1 1
+4 2
-3 1
+1 2
-3 4
+1 4
+1 4
+1 4
+2 8
+2 5
-9 15
+16 8
-16 8
+16 16
+1 10
136 25
-19 5
353 10
+4 3
+2 3
-2 6
+1 3
+17 3
-12 6
+12 13
-12 26
+2 14
+1 14
+4 28
-52 39
+47 87
+1 87
+3 87
+1 174
-7 200
+12 13
+1 147
-24 3
228 3
+1 3
352 3
233 3
-4 3
+6 3
-2 3
+2 11
-99 10
+4 5
+1 5
+3 15
+48 5
-2 5
+1 5
+1 35
-80 5
+1 10
+4 10
-5 20
+1 40
+4 45
235 4
+6 2
+3 2
-5 2
+1 2
+4 2
-2 2
+56 4
-2 2
+2 4
-1 2
+1 4
+1 4
-31 1
-6 1
+1 1
+1 1
+4 1
+43 18
+1 6
-6 4

fl=(17)
fn=(52)
135 1858
+1 1858
+1 1858
+1 1497
+1 1497
+1 1497
+1 1497
cfn=(53) strcmp'2
calls=1497 -6 
* 110699
+5 361
+1 361
+1 361
+1 361

fn=(53)
135 15425
+1 15425
+1 15425
+1 15290
+1 15290
+1 15290
+1 15290
cfn=(53)
calls=13928 -6 
* 572217
+2 1362
+1 1362
+2 135
+1 135
+1 135
+1 135

fl=(27)
fn=(118)
44 2
+7 1
-7 4
+7 1
-7 1
+7 1
cfi=(21)
cfn=(96)
calls=1 +31 
* 5
+1 1
-1 1
-6 1
+7 1
+2 4
cfi=(29)
cfn=(102)
calls=1 -17 
* 10
* 2
+2 1
+3 1
-3 1
+3 1
+13 2
cfi=(21)
cfn=(110)
calls=1 +10 
* 5
+3 7
-14 7
cfi=(23)
cfn=(68)
calls=1 +21 
* 6
* 2

fn=(88)
305 1190
+1 476
cfi=(17)
cfn=(52)
calls=238 135 
* 1673
* 238
+1 238
-1 238
+3 238
+8 238
-6 476
+4 235
-4 470
+1 753
cfi=(17)
cfn=(52)
calls=251 135 
* 5135
* 502
+1 16
+5 302
-1 222
+1 888

fn=(222) _dl_higher_prime_number
362 2
-1 4
+7 1
-4 2
+2 32
+1 12
-3 7
+3 7
-3 7
+2 42
+1 18
+1 2
-4 4
+18 2
+1 2

fl=(19)
fn=(58)
82 4
+1 1

fl=(23)
fn=(232)
82 4
+1 1

fn=(104)
82 48
+1 12

fn=(68)
82 90
+1 18

fl=(6)
fn=(156) check_match.11236
132 7698
+1 1283
-1 1283
+1 1283
+2 2566
+2 3849
-2 2566
+12 3846
+3 2740
cfi=(17)
cfn=(52)
calls=44 -15 
* 3658
* 88
+5 1282
-1 1282
+1 1282
-1 1282
+1 1282
+2 2560
+19 2560
+1 10240
+46 8981
-18 4
+2 4
+1 6
-1 4
+1 2
-1 4
+9 2
-38 3840
cfi=(17)
cfn=(52)
calls=1280 -43 
* 111018
* 2560
-43 2560

fn=(10)
861 7
+3 21
+4 7
+4 14
+2 7
-1 7
+3 21
+5 7
-4 7
+1 14
+2 7
+1 7
+4 14
-7 7
+5 7
+1 7
+1 14
+14 14

fn=(152)
716 11700
477 1300
716 2600
477 1300
716 3900
477 5200
+1 2600
-1 1300
+1 3900
-1 3900
+1 97212
-1 48606
+1 145818
-1 147118
718 1300
+4 1300
+4 1300
-8 1300
+1 2600
+7 3860
+5 1300
+2 2600
-2 1300
-1 1300
+7 6500
+8 36
-8 72
+2 19500
cfn=(154) do_lookup_x
calls=1300 82 
* 528617
+3 2600
-5 1300
+33 2600
+23 3846
+1 7692
+35 5128
+14 3846
+3 5128
+5 1282
+2 11700
-81 126
+17 18
+1 36
+54 2

fn=(154)
82 11700
+1 1300
-6 1300
+5 3900
-5 9100
230 1300
+3 1300
89 1300
230 1300
+32 1300
-29 1300
98 1300
-3 1300
+1 1300
+2 1300
+3 1300
-3 1300
+3 1300
-3 2906
-3 2906
+1 2906
+2 2906
+3 2906
-3 2906
+3 2906
+4 8412
+4 8412
+4 8412
+7 12618
+4 12618
+1 12618
226 4206
+1 8412
+4 8412
-2 4206
+5 16824
+4 8412
-1 8412
+1 4206
-1 8412
+21 2924
+24 5848
462 17142
+1 700
cfi=(27)
cfn=(88)
calls=140 305 
* 7126
* 840
+3 8772
+3 18
+1 10400
287 6648
+4 3863
+13 2464
+1 2464
+1 2464
-2 100
+1 100
+1 150
+27 50
-1 250
+3 100
cfi=(2)
cfn=(48)
calls=50 844 
* 100
+2 50
+1 50
+1 50
-2 50
+2 50
+2 98
+1 49
-1 49
+1 98
77 147
341 49
+1 147
77 147
342 49
+3 147
-3 46
+3 138
+20 326
+4 76
-4 76
+4 106
-24 30
+1 30
-1 155
+1 95
-1 190
+25 285
+3 245
+5 6
+2 4
cfi=(27)
cfn=(222)
calls=2 -18 
* 144
+1 4
-1 2
+1 2
cfi=(15)
cfn=(34)
calls=2 111 
* 103
* 2
+2 2
-2 2
+2 2
+4 2
+3 2
-3 2
+3 2
-3 2
+3 6
+1 276
+1 70
-75 70
+75 140
-75 210
+1 70
-1 70
+1 210
77 460
321 26
+1 26
-3 166
+7 70
+1 70
+1 70
+1 70
+61 370
+6 2
-16 2
+16 2
cfi=(15)
cfn=(224)
calls=2 123 
* 12
+4 2
-3 2
+2 2
+1 4
+36 6
-1 4
+1 144
-1 96
+13 50
+2 100
cfi=(2)
cfn=(50)
calls=50 850 
* 100
* 50
+2 50
317 100
440 50
317 150
+1 50
-1 50
+1 150
77 472
321 142
+1 142
-3 242
+9 50
-2 50
+1 50
+2 50
-1 50
443 200
323 106
+84 3
+9 2
+10 3
cfi=(15)
cfn=(34)
calls=1 111 
* 40
* 1
+1 1
-1 1
+1 1
+3 1
+2 1
-7 1
+6 1
+1 3
241 5364
-1 2682
+2 2682
+2 4014
+10 7011
-7 18095
+2 2566
+1 1283
-1 1283
+1 5132
-1 3849
+1 5132
cfn=(156)
calls=1283 132 
* 181615
+1 7700

fl=(58)
fn=(238) call_init.part.0
35 6
+21 6
-21 48
+21 6
+8 18
+2 10
+4 20
cob=(2)
cfi=(14)
cfn=(338) 0x0000000004c80178
calls=1 -70 
* 10
cob=(2)
cfi=(14)
cfn=(312) 0x0000000004f2d7f8
calls=1 -70 
* 10
cob=(2)
cfi=(14)
cfn=(292) 0x00000000055063c8
calls=1 -70 
* 29
cob=(3)
cfi=(63) /build/buildd/eglibc-2.15/csu/../sysdeps/unix/sysv/linux/x86_64/../init-first.c
cfn=(268) _init
calls=1 -17 
* 200
cob=(2)
cfi=(14)
cfn=(240) 0x0000000004a25548
calls=1 -70 
* 10
+4 6
+1 12
+6 10
+2 10
-2 5
+3 10
-49 29
+50 36
cob=(7)
cfi=(73)
cfn=(474) 0x000000000005bfe0
calls=1 -85 
* 164
cob=(7)
cfi=(73)
cfn=(472) 0x000000000005bdb0
calls=1 -85 
* 54
cob=(7)
cfi=(73)
cfn=(446) 0x000000000005bcf0
calls=1 -85 
* 49
cob=(7)
cfi=(73)
cfn=(420) 0x000000000005bc30
calls=1 -85 
* 49
cob=(7)
cfi=(73)
cfn=(394) 0x000000000005bb20
calls=1 -85 
* 73
cob=(7)
cfi=(73)
cfn=(392) 0x000000000005bae0
calls=1 -85 
* 6
cob=(7)
cfi=(73)
cfn=(354) 0x000000000005bac0
calls=1 -85 
* 4403
cob=(6)
cfi=(72)
cfn=(330) 0x0000000000002fc0
calls=1 -85 
* 16
cob=(3)
cfi=(70) /build/buildd/eglibc-2.15/string/../sysdeps/x86_64/multiarch/../cacheinfo.c
cfn=(282) init_cacheinfo
calls=1 552 
* 2001
* 20
cob=(7)
cfi=(73)
cfn=(346) 0x000000000005c130
calls=1 -85 
* 16
cob=(6)
cfi=(72)
cfn=(320) __cpu_indicator_init
calls=1 -85 
* 182
cob=(3)
cfi=(69) /build/buildd/eglibc-2.15/elf/dl-altinit.c
cfn=(280) dlinit_alt
calls=1 -52 
* 4
cfi=(60)
cfn=(256)
calls=1 552 
* 2078
cob=(5)
cfi=(59)
cfn=(248) 0x0000000000000660
calls=1 -85 
* 16
-1 14
+1 14
-1 14
+3 36

fn=(236)
93 11
+1 1
+1 1
+3 3
+7 2
+27 2
+1 6
+1 7
-1 7
+1 14
-97 21
+9 6
-3 12
+3 12
+5 10
+1 20
cfn=(238)
calls=5 -17 
* 9627
+81 10
+7 8
-88 4
-5 3
-10 3
+9 1
-3 2
+3 2
+5 2
+1 4
cfn=(238)
calls=1 -17 
* 73
+49 2

ob=(3)
fl=(92) /build/buildd/eglibc-2.15/setjmp/../sysdeps/x86_64/setjmp.S
fn=(874) __sigsetjmp
26 1
+2 1
+1 2
+1 1
+4 1
+1 1
+1 1
+1 1
+1 1
+2 2
+2 1
+1 1
+2 2
+2 1
+9 1
cfi=(93) /build/buildd/eglibc-2.15/setjmp/sigjmp.c
cfn=(876) __sigjmp_save
calls=1 -26 
* 9

fl=(115)
fn=(1010)
32 1
+1 1
+2 1
+1 1
+1 1
+6 1
+1 1
+2 1

fl=(100) /build/buildd/eglibc-2.15/nptl/../nptl/sysdeps/unix/sysv/linux/register-atfork.c
fn=(904) __linkin_atfork
117 2
+2 4
-1 2
+2 1

fl=(82) /build/buildd/eglibc-2.15/wcsmbs/btowc.c
fn=(658) btowc
35 768
+5 256
-5 512
+5 768
+62 1280
-62 512
+5 512
+4 384
fi=(83) /build/buildd/eglibc-2.15/wcsmbs/./wcsmbsload.h
+23 384
fe=(82)
-20 128
-2 256
+2 128
+1 256
+4 256
+3 256
cfi=(84) /build/buildd/eglibc-2.15/elf/dl-profstub.c
cfn=(662) _dl_mcount_wrapper_check
calls=128 -21 
* 512
* 384
cfi=(85) /build/buildd/eglibc-2.15/iconv/gconv_simple.c
cfn=(664) __gconv_btwoc_ascii
calls=128 -7 
* 640
* 128
fi=(83)
+14 128
+1 128
-1 256
fe=(82)

fl=(129) /build/buildd/eglibc-2.15/stdlib/cxa_finalize.c
fn=(1180) __cxa_finalize
31 12
+18 4
-18 20
+4 16
+4 59
+5 24
+2 3
+1 3
+2 12
-3 6
+5 3
+3 3
+2 3
-2 6
+2 3
cob=(7)
cfi=(73)
cfn=(1214) 0x00000000000b0b80
calls=1 -56 
* 8
cob=(7)
cfi=(73)
cfn=(1212) 0x00000000000b1870
calls=1 -56 
* 8
cob=(7)
cfi=(73)
cfn=(1204) 0x00000000000b1860
calls=1 -56 
* 829
+4 6
-21 10
-4 12
+32 12
+4 24
-4 12
+12 8
+3 4
-2 4
+2 24
-2 4
cfi=(130) /build/buildd/eglibc-2.15/nptl/../nptl/sysdeps/unix/sysv/linux/unregister-atfork.c
cfn=(1182) __unregister_atfork
calls=4 -43 
* 52

fl=(124) /build/buildd/eglibc-2.15/string/../sysdeps/x86_64/multiarch/memcpy-ssse3-back.S
fn=(1096) __memmove_ssse3_back
60 1129
+6 1129
+1 1129
+1 1022
+1 1022
+1 1022
+1 3572
+3 107
+1 107
+7 107
+1 107
+1 428
+44 129
+2 129
+1 129
+1 129
+2 129
+1 129
+1 129
+1 129
+1 129
+1 129
+1 129
+1 129
+1 129
+1 129
+1 129
+1 129
+51 129
+2 129
+1 129
+1 129
+1 129
+1 129
+1 129
+1 129
+1 129
+1 129
+1 129
+1 129
+1 129
+1 129
+1 129
+1 129
+1 129
+1 129
+1 129
+1 129
+1 129
-19 129
+1 129
+1 129
+1 129
+1 129
+1 129
+1 129
+1 129
+1 129
+1 129
+1 129
+1 129
+1 129
+1 129
+1 129
+1 129
+1 129
+1 129
+1 129
+1 129
+2 129
+1 129
+1 129
+1 129
+1 516
1684 3
+1 3
+2 3
+1 3
+2 3
+1 3
+2 3
+1 3
+2 3
+1 3
+2 3
+1 3
+2 3
+1 3
+2 3
+1 3
+2 3
-12 5
+1 5
+2 5
+1 5
+2 5
+1 5
+2 5
+1 5
+2 5
-6 25
+1 25
+2 25
+1 25
+2 25
-3 72
+1 72
+2 72
2001 2
+1 2
+1 2
2260 197
+1 197
+2 197
+1 197
+2 197
+1 197
+2 197
+1 197
+2 197
+1 197
+2 197
+1 197
+2 197
+1 197
+2 197
+1 197
+2 197
-12 195
+1 195
+2 195
+1 195
+2 195
+1 195
+2 195
+1 195
+2 195
-6 175
+1 175
+2 175
+1 175
+2 175
-3 128
+1 128
+2 257
2577 198
+1 198
+1 198

fl=(40)
fn=(162)
29 1
-1 1
fi=(41) /build/buildd/eglibc-2.15/time/../sysdeps/generic/dl-hash.h
+17 1
fe=(40)
-16 2
fi=(41)
+17 1
fe=(40)
-17 1
fi=(41)
+15 1
+5 4
+1 2
+13 2
-17 3
+3 12
+1 6
+13 6
-17 9
+22 1
fe=(40)
-39 2
+3 2
-3 1
+3 1
cfi=(42) /build/buildd/eglibc-2.15/elf/../sysdeps/unix/sysv/linux/dl-vdso.c
cfn=(166) _dl_vdso_vsym
calls=1 -5 
* 12
* 3
+1 2

fl=(113) /build/buildd/eglibc-2.15/misc/../sysdeps/unix/syscall-template.S
fn=(978) mmap
82 5
+1 1

fl=(86) /build/buildd/eglibc-2.15/wctype/wctype_l.c
fn=(676) wctype_l
28 45
+7 9
-7 36
+3 9
cfi=(87) /build/buildd/eglibc-2.15/string/../sysdeps/x86_64/multiarch/../strlen.S
cfn=(678) __GI_strlen
calls=9 -5 
* 150
+3 9
-3 9
+3 18
+8 40
+1 80
-8 40
+2 80
cfi=(87)
cfn=(678)
calls=40 -11 
* 671
* 18
cfi=(87)
cfn=(678)
calls=9 -11 
* 126
+2 49
-2 49
+2 213
cfi=(88) /build/buildd/eglibc-2.15/string/../sysdeps/x86_64/multiarch/../memcmp.S
cfn=(680) __GI_memcmp
calls=41 -14 
* 857
* 82
+8 9
+1 9
+1 72

fl=(90) /build/buildd/eglibc-2.15/string/../sysdeps/x86_64/multiarch/strcmp-sse42.S
fn=(786) __strcmp_sse42
129 8
+1 8
+2 8
+1 8
+26 8
+1 8
+1 8
+1 8
+58 8
+1 8
+1 8
+1 8
+1 8
+1 8
+1 8
+1 8
+1 8
+1 8
+1 8
+1 8
+1 8
+2 8
+1 8
+1 8
+1 8
+1 8
+1 8
+1 8
+1 8
+1 8
1588 8
+2 8
+1 8
+1 8
+1 8
+1 8
+1 8
+1 8
1704 8
+1 8
+1 8
+1 8
+1 16
+5 8
+6 8
+1 8
+8 8
+1 8

fl=(43)
fn=(168)
30 1
+1 1
+2 1
+1 1
+1 1
+2 1

fl=(68) /build/buildd/eglibc-2.15/ctype/ctype-info.c
fn=(278) __ctype_init
33 7
+2 4
+2 4
+1 1

fl=(111) /build/buildd/eglibc-2.15/libio/filedoalloc.c
fn=(972) _IO_file_doallocate
99 5
+15 2
-1 1
+1 5
cfi=(110) /build/buildd/eglibc-2.15/libio/fileops.c
cfn=(974) _IO_file_stat
calls=1 1246 
* 14
* 2
+2 4
+11 2
-14 1
+14 2
+1 3
+3 7
cfi=(113)
cfn=(978)
calls=1 -49 
* 6
* 2
+1 5
cfi=(109) /build/buildd/eglibc-2.15/libio/genops.c
cfn=(980) _IO_setb
calls=1 404 
* 21
+1 1
+1 5

fl=(101) /build/buildd/eglibc-2.15/malloc/morecore.c
fn=(908) __default_morecore
48 4
+1 4
cfi=(102) /build/buildd/eglibc-2.15/misc/sbrk.c
cfn=(910) sbrk
calls=4 -14 
* 156
+2 12
+2 8

fl=(63)
fn=(268)
53 7
+6 3
+17 1
fi=(64) /build/buildd/eglibc-2.15/csu/../sysdeps/generic/dl-hash.h
-31 1
fe=(63)
+29 1
+1 1
fi=(65) /build/buildd/eglibc-2.15/csu/../sysdeps/unix/sysv/linux/x86_64/init-first.c
-37 1
fi=(64)
+8 1
fi=(65)
-8 1
fe=(63)
+38 1
fi=(65)
-38 2
fi=(64)
+6 1
+5 4
+1 2
+13 2
-17 3
+3 12
+1 6
+13 6
-17 9
+22 1
fi=(65)
-30 2
+2 2
-2 1
+2 1
cfi=(42)
cfn=(166)
calls=1 -13 
* 12
+6 2
-4 2
+1 2
+1 1
+2 1
cfi=(42)
cfn=(166)
calls=1 -19 
* 12
+4 2
fe=(63)
+40 1
fi=(65)
-40 1
fe=(63)
+40 1
fi=(65)
-39 2
+1 1
fe=(63)
+38 2
cfi=(66) /build/buildd/eglibc-2.15/misc/init-misc.c
cfn=(274) __init_misc
calls=1 -59 
* 58
+8 1
cfi=(68)
cfn=(278)
calls=1 -65 
* 16
+5 5
-35 1
-9 1
+9 4

fl=(103) /build/buildd/eglibc-2.15/misc/../sysdeps/unix/sysv/linux/x86_64/brk.c
fn=(912) brk
29 4
+3 28
+8 4
-6 8
+7 4

fl=(79) /build/buildd/eglibc-2.15/locale/newlocale.c
fn=(574) newlocale
46 11
+12 2
+8 2
+3 4
+6 2
+1 1
+2 1
-2 3
281 9
59 2
+17 2

fl=(97) /build/buildd/eglibc-2.15/malloc/hooks.c
fn=(896) malloc_hook_ini
30 1
fi=(98) /build/buildd/eglibc-2.15/malloc/arena.c
371 1
fe=(97)
31 1
fi=(98)
371 1
fe=(97)
31 1
fi=(98)
371 3
cfn=(900) ptmalloc_init.part.8
calls=1 -2 
* 57808
* 1
fe=(97)
34 1
-1 1
cfi=(96) /build/buildd/eglibc-2.15/malloc/malloc.c
cfn=(895) malloc'2
calls=1 2910 
* 1170

fl=(116) /build/buildd/eglibc-2.15/string/../sysdeps/x86_64/multiarch/strlen-sse2-pminub.S
fn=(1012) __strlen_sse2_pminub
33 3934
+1 3934
+1 3934
+1 3934
+1 3934
+1 3934
+1 3049
+1 3049
+1 3049
+1 3049
+1 3049
+1 2715
+1 2715
+1 2715
+2 885
+1 885
+1 885
+1 885
+1 885
+1 885
+1 885
+1 885
+1 885
+2 3551
+1 3551
+1 3551
+1 3551
+1 3551
+1 3551
+1 3551
+1 3551
+2 3317
+1 3317
+1 3317
+1 3317
+2 2939
+1 2939
+1 2939
+1 2939
+2 2560
+1 2560
+1 2560
+1 2560
+2 2178
+1 2178
+1 2178
+1 2178
+1 2178
+2 1797
+1 1797
+1 1797
+1 1797
+2 1413
+1 1413
+1 1413
+1 1413
+2 1022
+1 1022
+1 1022
+1 1022
+2 632
+1 632
+1 632
+1 632
+1 632
+2 386
+1 386
+1 386
+1 386
+2 212
+1 212
+1 212
+1 212
+2 108
+1 108
+1 108
+1 108
+2 42
+1 42
+1 42
+1 42
+1 42
+2 14
+1 14
+1 14
+1 14
+2 2
+1 2
+1 2
+1 2
+85 49
+2 49
+1 49
+1 49
-2 334
+1 334
+1 334
+3 889
+1 889
+1 889
+1 889
+1 889
+3 948
+1 948
+1 948
+1 948
+1 948
+3 876
+1 876
+1 876
+1 876
+1 876
+3 838
+1 838
+1 838
+1 838
+2 838

fl=(109)
fn=(982) _IO_switch_to_get_mode
188 16
-1 16
+1 8
+3 24
+5 8
-1 16
+1 8
+7 8
-4 8
+2 16
+2 8
+1 8
+1 16

fn=(1266) _IO_cleanup
1007 1
+3 1
-3 6
+3 1
cfn=(1268) _IO_flush_all_lockp
calls=1 823 
* 88
-59 1
+59 1
-59 2
+11 2
-9 12
+2 2
-1 4
+3 3
+30 3
-36 9
+71 9

fn=(964) __uflow
368 8
+2 8
-2 8
+2 17
+6 24
+3 32
+2 24
+6 16
+7 16
+1 8
-1 16
cfn=(966) _IO_default_uflow
calls=8 +46 
* 788
-24 14
+22 16

fn=(966)
440 8
-1 16
+1 8
cfi=(110)
cfn=(968) _IO_file_underflow@@GLIBC_2.2.5
calls=8 558 
* 692
+1 16
+2 32
+1 16

fn=(1268)
823 1
+6 1
-6 7
+6 2
+6 1
-11 1
+10 1
+2 2
+4 2
-1 3
-1 3
+1 3
+3 9
+10 6
+4 3
-2 3
+2 6
+7 3
-27 6
+31 2
+2 2
+4 9
-31 12

fn=(980)
404 4
+1 1
-1 1
+1 3
+3 1
+2 4
-3 1
+3 1
+3 1
-1 1
+1 3

fn=(970) _IO_doallocbuf
419 1
+1 1
-1 1
+1 1
+6 2
-4 2
+1 3
cfi=(111)
cfn=(972)
calls=1 99 
* 88
* 2

fl=(112) /build/buildd/eglibc-2.15/io/../sysdeps/unix/sysv/linux/wordsize-64/fxstat.c
fn=(976) _fxstat
37 1
-1 1
+1 1
+1 6
+4 1

fl=(108) /build/buildd/eglibc-2.15/libio/getchar_u.c
fn=(962) getchar_unlocked
36 225635
+1 32229
-1 8
cfi=(109)
cfn=(964)
calls=8 368 
* 995

fl=(114) /build/buildd/eglibc-2.15/io/../sysdeps/unix/syscall-template.S
fn=(986) read
82 16
cfn=(988) __read_nocancel
calls=8 * 
* 40

fn=(988)
82 40

fl=(93)
fn=(876)
30 2
-1 2
+1 2
+5 3

fl=(96)
fn=(894) malloc
2910 53994
+5 17998
+1 17998
+3 17996
+2 80982
+3 26994
cfn=(906) _int_malloc
calls=8998 3447 
* 1321461
+1 8998
-1 8998
+1 8998
+20 35992
+1 71984
+3 62986
-32 1
+32 5
-32 1
cfi=(97)
cfn=(896)
calls=1 30 
* 58989

fn=(895)
2910 6
+5 2
+1 2
+3 2
+2 9
+3 3
cfn=(906)
calls=1 3447 
* 1124
+1 1
-1 1
+1 1
+20 4
+1 8
+3 7

fn=(906)
3447 80991
+30 71992
+8 17998
+1 25404
+1 8468
+1 8468
+4 16936
-5 646
+8 1292
-8 646
+8 1938
+1 646
-1 646
+1 1292
+2 3230
3904 7984
-1 7984
+1 15968
+26 80991
3521 16706
+1 25056
+1 16704
+2 25056
+1 20
+3 9
+1 18
+6 9
+1 9
+2 9
-4 9
+4 18
+23 4
+1 4
3917 8344
-2 8344
3602 8344
3917 8344
-2 16688
+2 8344
-2 8344
+2 16688
3602 8344
3917 158536
3695 8344
3583 16692
+65 1830
+1 2745
+1 915
+45 5490
+7 915
-6 915
+1 915
+1 915
+1 915
+3 915
3583 27783
+2 1963
-1 1963
+1 3926
+1 3926
+3 1963
+10 7852
+35 951
-5 951
+1 951
+4 951
+13 1830
-46 1809
-1 3618
+1 2958
+4 1012
+1 2024
+4 1012
-2 1012
-1 2024
+2 2024
+1 1012
+6 1012
+3 1012
-3 6072
+2 2024
-2 1012
+2 1012
+5 1012
-1 1012
+1 2024
+88 14596
+71 7298
+1 7298
+3 7298
-2 7298
+2 7298
-3 7298
+1 7298
+2 7298
-1 21894
+6 38448
+2 76308
+2 76176
+8 4962
+2 9924
-3 13168
+7 1622
+3 3244
+1 716
+1 716
+1 716
-2 2148
+60 716
+18 6392
+1 19176
+2 12784
+17 15
4247 14
cfn=(1114) malloc_consolidate.part.3
calls=2 -23 
* 4691
* 6
3914 2
+1 2
-1 2
3636 36
-1 72
+1 72
+76 2
+3 3
3562 2
3819 3624
+3 1812
+5 9966
-3 1812
+6 1812
+13 469
+1 938
-6 469
+17 469
-6 469
+1 469
+2 469
-1 469
+4 469
+1 469
+1 938
+5 3283
+2 938
-2 469
+2 469
+1 938
-33 437
-1 437
+1 1311
4247 3
1913 127
+1 127
-2 127
+2 254
-2 127
+6 3
+7 1
-2 2
+2 2
3898 19161
-3 6387
+1 6387
+2 19161
+2 6387
-2 6387
-1 6387
+1 19161
+2 12774
2370 3
+1 9
-1 9
+11 3
-11 3
+11 3
+58 3
+9 6
-9 3
+9 17
+6 4
-6 2
+9 9
2742 6
+1 3
+5 6
+3 6
+4 3
-3 3
+1 3
+2 3
-1 3
+4 3
-3 6
+1 3
-1 12
+1 3
3925 24
2507 3
+19 3
-19 3
+8 3
-8 12
+19 15
+8 3
-8 3
+8 3
+1 12
cfi=(101)
cfn=(908)
calls=3 48 
* 157
* 3
+2 15
+2 6
+1 6
+17 6
+26 6
+1 1
+1 2
+6 1
-6 1
+6 1
-6 4
+6 2
-6 2
+6 6
+1 10
+2 4
+40 5
+19 1
+3 1
+1 1
-1 1
+1 3
+2 2
+1 4
cfi=(101)
cfn=(908)
calls=1 48 
* 27
+12 3
+5 2
+1 2
+17 1
3926 1
2697 1
+1 1
-2 1
+1 2
+12 1
-12 1
+1 1
+11 1
-84 2
1922 3

fn=(1114)
4224 16
+24 6
+2 2
+10 2
+1 4
+2 4
+1 4
-1 36
+1 51
+22 1
-1 1
+1 9
+4 154
+4 154
-3 154
+1 154
+2 154
+5 154
+1 154
+1 154
-2 154
+3 154
-3 154
+12 457
-41 149
-3 149
+3 298
+4 149
-3 149
+1 149
+2 149
-4 5
-3 5
+3 10
+4 5
-3 5
+1 5
+2 5
-2 154
+9 308
+3 308
+4 306
+26 20
-90 20
+90 40
+6 16

fn=(1110) free
2959 2258
+1 2258
+5 2258
+5 1129
-2 1129
+2 2258
+14 3387
+1 3387
cfn=(1112) _int_free
calls=1129 3938 
* 86572

fn=(1112)
3938 10161
+13 1129
-13 1129
+13 2258
+6 4516
+1 2258
+10 2258
+13 2258
+11 3200
+1 2400
+24 2400
+3 2400
+1 1600
+1 800
+3 800
-3 800
+9 1600
-5 1600
+10 1600
+1 891
+1 297
+2 891
-2 503
+2 3909
+2 2194
4208 6400
4053 658
+1 658
3949 329
4054 658
+18 987
+6 329
-10 329
+10 329
+8 987
+7 658
-1 329
+2 658
+6 987
+4 658
+7 658
+5 658
+13 329
-1 329
+2 658
+7 329
-2 329
+1 329
+1 329
+6 329
+2 329
-3 329
+3 329
+1 329
-1 329
+31 658
4063 2303
+2 658
+55 658
+76 987
+1 987
+1 1316
+10 2632
4080 987
-2 658

fl=(98)
fn=(900)
369 6
+11 1
-8 1
+8 1
+7 2
+1 2
-1 1
+1 10
cfi=(100)
cfn=(904)
calls=1 117 
* 9
+2 4
+16 1
-16 1
-58 4
+2 84
+16 42
-18 126
455 2
+5 2
+1 2
+2 1
+1 7
-83 5
cfi=(99) /build/buildd/eglibc-2.15/elf/dl-addr.c
cfn=(902) _dl_addr
calls=1 127 
* 57485
* 2
+1 3
-47 2
+1 2

fl=(80) /build/buildd/eglibc-2.15/locale/uselocale.c
fn=(646) uselocale
32 2
+2 4
-2 2
+2 2
+3 4
+1 2
+28 6
+1 6
+2 6
+4 6
+1 2

fl=(125) /build/buildd/eglibc-2.15/stdlib/exit.c
fn=(1116) exit
100 1
-1 1
+1 2
cfn=(1118) __run_exit_handlers
calls=1 -63 
* 11479

fn=(1118)
37 8
+50 1
-45 3
+37 1
-33 2
+33 2
-33 10
+3 5
-1 20
+2 31
+24 2
+4 4
-2 4
+2 2
cob=(1)
cfi=(128)
cfn=(1152)
calls=1 +55 
* 6873
cob=(7)
cfi=(73)
cfn=(1124) std::ios_base::Init::~Init()
calls=1 -78 
* 3201
cob=(1)
cfi=(46)
cfn=(186)
calls=1 -47 
* 1137
* 5
+1 2
+4 1
+1 1
-1 1
+1 1
+6 2
+1 5
cfi=(109)
cfn=(1266)
calls=1 1007 
* 145
* 3
+2 2
cfi=(131) /build/buildd/eglibc-2.15/posix/../sysdeps/unix/sysv/linux/_exit.c
cfn=(1270) _Exit
calls=1 -64 
* 5

fl=(44)
fn=(172)
31 1
-1 1
fi=(41)
+15 1
fe=(44)
-14 2
fi=(41)
+15 1
fe=(44)
-15 1
fi=(41)
+13 1
+5 4
+1 2
+13 2
-17 3
+3 12
+1 6
+13 6
-17 9
+22 1
fe=(44)
-37 2
+3 2
-3 1
+3 1
cfi=(42)
cfn=(166)
calls=1 -7 
* 12
+1 3
+1 2

fl=(67) /build/buildd/eglibc-2.15/string/../sysdeps/x86_64/multiarch/../strrchr.S
fn=(276) __GI_strrchr
26 1
+1 1
+1 1
+1 1
+1 1
+1 1
+1 1
+1 1
+1 1
+1 1
+1 1
+1 1
+1 1
+1 1
+1 1
+1 1
+1 1
+1 1
+1 1
+1 1
+1 1
+1 1
+1 1
+13 1
+1 1
+1 1
+1 1
+7 1
+1 1
+1 1
+1 1
+1 1
+1 1
+1 1

fl=(38)
fn=(158)
106 1
+1 1
+1 1
cfi=(39) /build/buildd/eglibc-2.15/csu/../sysdeps/x86_64/multiarch/init-arch.c
cfn=(160) __init_cpu_features
calls=1 -55 
* 74
+3 1
+1 1
+1 1
+9 1

fn=(784)
88 1
+1 1
+3 1
+1 1
+1 1
+5 1

fn=(170)
130 1
+1 1
+4 1
+1 1
+1 1
+9 1

fl=(131)
fn=(1270)
29 2
+4 1
+2 2

fl=(66)
fn=(274)
31 3
+1 1
-1 1
+1 4
+2 3
cfi=(67)
cfn=(276)
calls=1 -8 
* 34
+4 5
+1 3
+2 4

fl=(81) /build/buildd/eglibc-2.15/wcsmbs/wctob.c
fn=(652) wctob
33 640
+9 256
+5 256
+38 640

fl=(102)
fn=(910)
35 20
+8 25
+4 8
+4 12
+3 3
cfi=(103)
cfn=(912)
calls=3 -25 
* 36
+1 9
+3 24
-14 1
+1 1
-1 1
cfi=(103)
cfn=(912)
calls=1 -15 
* 12
* 4

fl=(91) /build/buildd/eglibc-2.15/setjmp/../sysdeps/x86_64/bsd-_setjmp.S
fn=(872) _setjmp
34 1
+2 1
cfi=(92)
cfn=(874)
calls=1 -10 
* 27

fl=(87)
fn=(678)
26 58
+1 58
+1 58
+1 58
+1 58
+1 58
+1 40
+1 40
+1 40
+1 40
+1 40
+5 18
+1 18
+1 18
+1 18
+1 18
+1 18
+1 18
+1 18
+1 18
+2 5
+1 5
+1 5
+1 10
+3 5
+1 5
+1 5
+1 5
+18 13
+2 13
+1 13
+1 13
-2 40
+1 40
+1 40
+3 5
+1 5
+1 5
+1 5

fl=(122)
fn=(1092)
42 1
-42 12

fl=(70)
fn=(284) handle_intel
307 2
+6 2
-6 14
+1 4
+13 2
+1 2
+2 2
-5 2
+11 4
+5 2
-5 4
+5 2
+7 10
cfn=(286) intel_check_word
calls=2 163 
* 1568
+1 4
+3 10
cfn=(286)
calls=2 163 
* 197
+1 4
-10 2
+1 4
+26 16

fn=(282)
552 1
+13 1
-13 1
+13 1
-13 1
+13 1
+7 2
+2 3
cfn=(284)
calls=1 307 
* 901
+4 2
-4 1
+4 1
cfn=(284)
calls=1 307 
* 956
+2 1
-2 1
-1 1
+3 1
+29 1
-18 1
+18 3
+7 5
+6 2
-6 12
+6 6
+3 20
+2 1
+6 6
+7 5
+2 1
+2 2
-4 4
+2 1
+2 6
+2 4
+5 1
+2 2
+1 1
-1 2
+1 1
+5 1
+12 4
+75 2
+2 1
+1 1
+2 1
-3 1
+5 1
-5 1
+4 3
+4 2
+2 1
+1 1
+2 1
-3 1
+5 1
+2 1
-7 1
+4 2
+3 1
-3 1
+3 2
-93 7

fn=(286)
163 40
+1 8
+8 4
-2 32
+14 20
+53 16
+36 40
-1 8
+1 8
cfi=(71) /build/buildd/eglibc-2.15/stdlib/bsearch.c
cfn=(288) bsearch
calls=8 27 
* 1358
+2 16
+22 8
172 16
+2 10
+2 20
301 2
+1 28
196 10
+5 10
-5 2
+5 7
+11 8
+1 9
+17 3
-34 15
+5 6
+4 8
+6 10
+4 2
+2 4
-12 2
+2 4
+12 2
+2 2
+1 2
-3 2
+2 2
-1 2
-1 2
+2 2
-1 6
+1 2
-2 4
-7 3

fn=(290) intel_02_known_compare
152 54
+1 54
-1 108
+3 108
+1 54

fl=(84)
fn=(662)
39 384
+1 128

fl=(74) /build/buildd/eglibc-2.15/stdlib/cxa_atexit.c
fn=(386) __cxa_atexit
57 10
-22 5
+22 25
-22 5
cfn=(388) __new_exitfn
calls=5 +38 
* 210
+2 10
+4 10
+3 5
-1 5
+2 5
+2 5
+1 5
+11 25

fn=(388)
73 5
+6 10
-6 15
+6 20
+2 30
+2 15
+1 20
-3 1
+10 1
-10 3
+13 8
+25 4
+1 4
-1 4
+1 4
-1 4
+7 4
+1 4
+3 8
-4 1
+1 1
+3 12
+3 25
-35 2
+14 1
+1 2
-19 2

fl=(126) /build/buildd/eglibc-2.15/libio/iofflush.c
fn=(1138) fflush
36 6
-1 12
+1 6
+6 90
+1 18
cfi=(110)
cfn=(1140) _IO_file_sync@@GLIBC_2.2.5
calls=6 912 
* 78
* 6
fi=(127) /build/buildd/eglibc-2.15/libio/libioP.h
984 6
fe=(126)
43 12
fi=(127)
984 12
+1 66
fe=(126)
47 18

fl=(88)
fn=(680)
25 41
+1 41
+1 41
+1 41
+1 41
+1 41
+1 41
+1 41
+3 41
+1 41
+1 40
+1 40
+1 40
+1 40
+1 40
+1 40
+1 40
+2 10
+1 10
+1 1
+1 1
+1 1
+1 1
+1 1
+1 1
+1 1
+2 10
+1 10
+1 10
+1 10
+1 10
+1 10
+35 31
+4 10
+1 10
+1 1
+1 1
+1 1
+1 1
+1 1
+1 1
+1 1
+1 1
+1 1
+1 1
+1 1
+4 9
+1 9

fl=(110)
fn=(1140)
912 6
+5 6
-5 6
+5 18
+2 6
+1 12
+17 12
+4 12

fn=(984) _IO_file_read
1221 8
+3 8
-1 8
+1 8
+1 8
-1 8
cfi=(114)
cfn=(986)
calls=8 82 
* 56

fn=(968)
558 32
+8 24
+6 24
+3 16
+13 16
+20 16
cfi=(109)
cfn=(982)
calls=8 188 
* 160
+6 8
+5 32
-5 16
+1 8
+2 8
-1 16
+3 8
cfn=(984)
calls=8 1221 
* 104
+2 16
+10 8
-3 8
+3 16
+2 16
+1 32
-56 3
+5 2
cfi=(109)
cfn=(970)
calls=1 419 
* 101
* 2

fn=(974)
1246 1
+2 3
cfi=(112)
cfn=(976)
calls=1 37 
* 10

fl=(42)
fn=(166)
27 8
+2 4
-2 4
+1 8
+4 8
+18 16

fl=(71)
fn=(288)
27 80
+7 8
-7 8
+20 8
-13 32
+7 8
+1 8
-8 16
+2 54
+2 54
-2 54
+1 216
+1 108
cfi=(70)
cfn=(290)
calls=54 152 
* 378
+1 108
+1 46
-6 92
+13 8
+1 72

fl=(76) /build/buildd/eglibc-2.15/csu/libc-start.c
fn=(492) (below main)
96 7
+10 1
-10 3
+10 3
+52 1
-52 1
+52 1
+1 4
cfi=(74)
cfn=(386)
calls=1 57 
* 65
+22 4
+3 2
+1 5
cob=(8)
cfi=(75)
cfn=(494) __libc_csu_init
calls=1 0 
* 91700
+4 4
+15 2
+9 2
cfi=(91)
cfn=(872)
calls=1 34 
* 29
+1 2
+5 2
+1 2
+3 2
+3 5
cob=(8)
cfi=(77) /home/hp/git/Algorithms/Dijkstra/source/source.cpp
cfn=(878) main
calls=1 48 
* 5933856
+32 2
cfi=(125)
cfn=(1116)
calls=1 100 
* 11483
106 2

fl=(130)
fn=(1182)
37 4
-8 12
+11 8
+1 8
+5 4
-6 8
+82 8

fl=(39)
fn=(160)
53 1
-8 1
+8 1
+3 1
-3 1
+3 5
+92 2
+4 2
+2 3
+15 1
+1 1
+2 1
+1 2
-15 2
+1 1
+2 2
+3 2
-99 1
-33 2
+6 1
-6 2
+6 1
+1 1
+30 1
-30 1
+30 1
-37 1
+6 1
+27 1
-26 1
+26 1
+4 1
+1 1
-38 2
+33 1
+5 1
+5 1
+2 1
-2 1
-17 1
+58 1
-38 1
+1 2
+11 1
-32 1
+32 1
+22 3
-33 9

fn=(192) __get_cpu_features
180 36
+4 24

fl=(85)
fn=(664)
53 512
+3 128

fl=(69)
fn=(280)
33 3
+1 1

fl=(99)
fn=(902)
127 3
+2 1
-2 6
+5 1
-5 2
+5 2
cob=(1)
cfi=(2)
cfn=(48)
calls=1 844 
* 2
+3 5
+1 4
+1 25
+1 2
31 1
+1 1
-1 1
+4 2
+5 1
+6 1
-7 1
+2 3
+2 3
+3 1
+5 7
+2 1
+1 2
-1 1010
+1 2020
+2 4890
+6 10905
+2 8724
+1 15883
+7 2181
-2 2181
+2 7554
-21 2022
+49 2
+1 2
+1 2
+3 2
+41 2
cob=(1)
cfi=(2)
cfn=(50)
calls=1 850 
* 2
+3 9
-13 12
-19 1
+1 1
+23 2

ob=(5)
fl=(59)
fn=(248)
0 16

fn=(1186) 0x00000000000005b0
0 9

fn=(242) 0x0000000000000590
0 6

fn=(1168)
0 8
cob=(3)
cfi=(129)
cfn=(1180)
calls=1 31 
0 75
cob=(1)
cfi=(46)
cfn=(186)
calls=1 31 
0 798
0 5
0 1
cfn=(1186)
calls=1 0 
0 9
0 3

ob=(4)
fl=(54)
fn=(212)
14 2
cob=(3)
cfi=(39)
cfn=(192)
calls=1 180 
* 5
* 1
* 5

fn=(206)
10 2
cob=(3)
cfi=(39)
cfn=(192)
calls=1 180 
* 5
* 1
* 5

fl=(53)
fn=(204)
26 1
cob=(3)
cfi=(39)
cfn=(192)
calls=1 180 
* 5
* 1
+1 1
+1 1
+1 1
+1 1
+2 1

fl=(51)
fn=(200)
15 1
-15 1
fi=(52) ???
cob=(3)
cfi=(39)
cfn=(192)
calls=1 180 
0 5
fi=(52)
0 1
fe=(51)
0 8

fl=(50)
fn=(198)
8 2
cob=(3)
cfi=(39)
cfn=(192)
calls=1 180 
* 5
* 1
* 5

fl=(56)
fn=(210)
26 1
cob=(3)
cfi=(39)
cfn=(192)
calls=1 180 
* 5
* 1
+1 1
+1 1
+1 1
+1 1
+2 1

fl=(49)
fn=(196)
26 1
cob=(3)
cfi=(39)
cfn=(192)
calls=1 180 
* 5
* 1
+1 1
+1 1
+1 1
+1 1
+2 1

fl=(57)
fn=(214)
15 1
-15 1
fi=(52)
cob=(3)
cfi=(39)
cfn=(192)
calls=1 180 
0 5
fi=(52)
0 1
fe=(57)
0 8

fl=(45)
fn=(178)
15 2
cob=(3)
cfi=(39)
cfn=(192)
calls=1 180 
* 5
cob=(1)
cfi=(46)
cfn=(186)
calls=1 +16 
* 1260
* 5
* 8

fl=(48)
fn=(218)
24 1
-24 1
fi=(52)
cob=(3)
cfi=(39)
cfn=(192)
calls=1 180 
0 5
fi=(52)
0 1
fe=(48)
0 8

fn=(194)
20 2
cob=(3)
cfi=(39)
cfn=(192)
calls=1 180 
* 5
* 1
* 8

fl=(52)
fn=(1250) 0x0000000000005890
0 10
cob=(3)
cfi=(129)
cfn=(1180)
calls=1 31 
0 75
cob=(1)
cfi=(46)
cfn=(186)
calls=1 31 
0 1166
0 5
0 13

fn=(300) 0x0000000000005910
0 6

fn=(294) 0x000000000000586c
0 6

fn=(306) 0x000000000006dfb0
0 11

fl=(55)
fn=(208)
26 1
cob=(3)
cfi=(39)
cfn=(192)
calls=1 180 
* 5
* 1
+1 1
+1 1
+1 1
+1 1
+2 1

ob=(7)
fl=(73)
fn=(340) 0x000000000005c060
0 6

fn=(362) std::future_category()
0 5
cfn=(368) __cxa_guard_acquire
calls=1 0 
0 26
cob=(1)
cfi=(46)
cfn=(186)
calls=1 31 
0 767
0 5
0 5
cfn=(374) std::error_category::error_category()
calls=1 0 
0 4
cob=(1)
cfi=(46)
cfn=(186)
calls=1 31 
0 825
0 5
0 4
cfn=(380) __cxa_guard_release
calls=1 0 
0 5
cob=(1)
cfi=(46)
cfn=(186)
calls=1 31 
0 743
0 5
0 4
cob=(3)
cfi=(74)
cfn=(386)
calls=1 57 
0 65
cob=(1)
cfi=(46)
cfn=(186)
calls=1 31 
0 1134
0 5
0 3

fn=(392)
0 6

fn=(530) 0x0000000000071370
0 4
cfn=(542) std::locale::_Impl::_Impl(unsigned long)
calls=1 0 
0 55815
cob=(1)
cfi=(46)
cfn=(186)
calls=1 31 
0 769
0 5
0 183

fn=(800) __cxxabiv1::__si_class_type_info::__do_dyncast(long, __cxxabiv1::__class_type_info::__sub_kind, __cxxabiv1::__class_type_info const*, void const*, __cxxabiv1::__class_type_info const*, void const*, __cxxabiv1::__class_type_info::__dyncast_result&) const
0 1400

fn=(854) std::num_put<wchar_t, std::ostreambuf_iterator<wchar_t, std::char_traits<wchar_t> > > const& std::use_facet<std::num_put<wchar_t, std::ostreambuf_iterator<wchar_t, std::char_traits<wchar_t> > > >(std::locale const&)
0 16
cfn=(586) std::locale::id::_M_id() const
calls=4 0 
0 20
0 4
0 44
cfn=(774) __dynamic_cast
calls=4 0 
0 304
0 4
0 16

fn=(1150) __gnu_cxx::stdio_sync_filebuf<wchar_t, std::char_traits<wchar_t> >::sync()
0 6
cob=(3)
cfi=(126)
cfn=(1138)
calls=3 36 
0 165
0 3

fn=(380)
0 5

fn=(542)
0 218
cfn=(548) std::locale::facet::_S_get_c_name()
calls=1 0 
0 2
cob=(1)
cfi=(46)
cfn=(186)
calls=1 31 
0 900
0 5
0 64
cfn=(554) std::ctype<char>::ctype(unsigned short const*, bool, unsigned long)
calls=1 0 
0 3424
cob=(1)
cfi=(46)
cfn=(186)
calls=1 31 
0 761
0 5
0 4
cfn=(580) std::locale::_Impl::_M_install_facet(std::locale::id const*, std::locale::facet const*)
calls=1 0 
0 1073
cob=(1)
cfi=(46)
cfn=(186)
calls=1 31 
0 1117
0 5
0 3
cfn=(592) std::codecvt<char, char, __mbstate_t>::codecvt(unsigned long)
calls=1 0 
0 27
cob=(1)
cfi=(46)
cfn=(186)
calls=1 31 
0 877
0 5
0 4
cfn=(580)
calls=1 0 
0 282
0 1
0 23
cfn=(598) std::numpunct<char>::_M_initialize_numpunct(__locale_struct*)
calls=1 0 
0 413
cob=(1)
cfi=(46)
cfn=(186)
calls=1 31 
0 1103
0 5
0 5
cfn=(580)
calls=1 0 
0 282
0 1
0 8
cfn=(580)
calls=1 0 
0 282
0 1
0 8
cfn=(580)
calls=1 0 
0 282
0 1
0 5
cfn=(560) std::locale::facet::_S_get_c_locale()
calls=1 0 
0 9
0 1
0 5
cfn=(580)
calls=1 0 
0 282
0 1
0 35
cfn=(604) std::moneypunct<char, false>::_M_initialize_moneypunct(__locale_struct*, char const*)
calls=1 0 
0 112
cob=(1)
cfi=(46)
cfn=(186)
calls=1 31 
0 1211
0 5
0 5
cfn=(580)
calls=1 0 
0 282
0 1
0 35
cfn=(610) std::moneypunct<char, true>::_M_initialize_moneypunct(__locale_struct*, char const*)
calls=1 0 
0 112
cob=(1)
cfi=(46)
cfn=(186)
calls=1 31 
0 1243
0 5
0 5
cfn=(580)
calls=1 0 
0 282
0 1
0 8
cfn=(580)
calls=1 0 
0 282
0 1
0 8
cfn=(580)
calls=1 0 
0 282
0 1
0 56
cfn=(616) std::__timepunct<char>::__timepunct(std::__timepunct_cache<char>*, unsigned long)
calls=1 0 
0 1295
cob=(1)
cfi=(46)
cfn=(186)
calls=1 31 
0 1044
0 5
0 5
cfn=(580)
calls=1 0 
0 282
0 1
0 8
cfn=(580)
calls=1 0 
0 282
0 1
0 8
cfn=(580)
calls=1 0 
0 282
0 1
0 3
cfn=(628) std::messages<char>::messages(unsigned long)
calls=1 0 
0 32
cob=(1)
cfi=(46)
cfn=(186)
calls=1 31 
0 775
0 5
0 4
cfn=(580)
calls=1 0 
0 282
0 1
0 3
cfn=(634) std::ctype<wchar_t>::ctype(unsigned long)
calls=1 0 
0 22775
cob=(1)
cfi=(46)
cfn=(186)
calls=1 31 
0 725
0 5
0 4
cfn=(580)
calls=1 0 
0 282
0 1
0 3
cfn=(686) std::codecvt<wchar_t, char, __mbstate_t>::codecvt(unsigned long)
calls=1 0 
0 27
cob=(1)
cfi=(46)
cfn=(186)
calls=1 31 
0 869
0 5
0 4
cfn=(580)
calls=1 0 
0 282
0 1
0 23
cfn=(692) std::numpunct<wchar_t>::_M_initialize_numpunct(__locale_struct*)
calls=1 0 
0 349
cob=(1)
cfi=(46)
cfn=(186)
calls=1 31 
0 1119
0 5
0 4
cfn=(580)
calls=1 0 
0 282
0 1
0 8
cfn=(580)
calls=1 0 
0 282
0 1
0 8
cfn=(580)
calls=1 0 
0 282
0 1
0 5
cfn=(560)
calls=1 0 
0 9
0 1
0 5
cfn=(580)
calls=1 0 
0 282
0 1
0 35
cfn=(698) std::moneypunct<wchar_t, false>::_M_initialize_moneypunct(__locale_struct*, char const*)
calls=1 0 
0 108
cob=(1)
cfi=(46)
cfn=(186)
calls=1 31 
0 1219
0 5
0 4
cfn=(580)
calls=1 0 
0 282
0 1
0 35
cfn=(704) std::moneypunct<wchar_t, true>::_M_initialize_moneypunct(__locale_struct*, char const*)
calls=1 0 
0 108
cob=(1)
cfi=(46)
cfn=(186)
calls=1 31 
0 1243
0 5
0 4
cfn=(580)
calls=1 0 
0 282
0 1
0 8
cfn=(580)
calls=1 0 
0 282
0 1
0 8
cfn=(580)
calls=1 0 
0 282
0 1
0 56
cfn=(710) std::__timepunct<wchar_t>::__timepunct(std::__timepunct_cache<wchar_t>*, unsigned long)
calls=1 0 
0 1309
cob=(1)
cfi=(46)
cfn=(186)
calls=1 31 
0 1036
0 5
0 4
cfn=(580)
calls=1 0 
0 282
0 1
0 8
cfn=(580)
calls=1 0 
0 282
0 1
0 8
cfn=(580)
calls=1 0 
0 282
0 1
0 3
cfn=(722) std::messages<wchar_t>::messages(unsigned long)
calls=1 0 
0 32
cob=(1)
cfi=(46)
cfn=(186)
calls=1 31 
0 767
0 5
0 4
cfn=(580)
calls=1 0 
0 282
0 1
0 3
cfn=(586)
calls=1 0 
0 5
0 1
0 5
cfn=(586)
calls=1 0 
0 5
0 1
0 5
cfn=(586)
calls=1 0 
0 5
0 1
0 5
cfn=(586)
calls=1 0 
0 5
0 1
0 5
cfn=(586)
calls=1 0 
0 5
0 1
0 5
cfn=(586)
calls=1 0 
0 5
0 1
0 5
cfn=(586)
calls=1 0 
0 5
0 1
0 5
cfn=(586)
calls=1 0 
0 5
0 1
0 10

fn=(592)
0 12
cfn=(560)
calls=1 0 
0 9
0 1
0 5

fn=(628)
0 12
cfn=(560)
calls=1 0 
0 9
0 1
0 2
cfn=(548)
calls=1 0 
0 2
0 1
0 5

fn=(732) std::ios_base::ios_base()
0 472
cfn=(528) std::locale::locale()
calls=8 0 
0 232
0 8

fn=(818) std::num_get<char, std::istreambuf_iterator<char, std::char_traits<char> > > const& std::use_facet<std::num_get<char, std::istreambuf_iterator<char, std::char_traits<char> > > >(std::locale const&)
0 16
cfn=(586)
calls=4 0 
0 20
0 4
0 44
cfn=(774)
calls=4 0 
0 304
0 4
0 16

fn=(848) bool std::has_facet<std::num_put<wchar_t, std::ostreambuf_iterator<wchar_t, std::char_traits<wchar_t> > > >(std::locale const&)
0 16
cfn=(586)
calls=4 0 
0 20
0 4
0 52
cfn=(774)
calls=4 0 
0 304
0 4
0 16

fn=(1104) operator delete(void*)
0 3387
cob=(3)
cfi=(96)
cfn=(1110)
calls=1129 2959 
0 104636
cob=(1)
cfi=(46)
cfn=(186)
calls=1 31 
0 1006
0 1133

fn=(420)
0 49

fn=(580)
0 364
cfn=(586)
calls=28 0 
0 420
cob=(1)
cfi=(46)
cfn=(186)
calls=1 31 
0 787
0 32
0 7084

fn=(604)
0 112

fn=(738) std::basic_ios<char, std::char_traits<char> >::init(std::basic_streambuf<char, std::char_traits<char> >*)
0 24
cfn=(744) std::ios_base::_M_init()
calls=4 0 
0 1837
cob=(1)
cfi=(46)
cfn=(186)
calls=1 31 
0 819
0 8
0 12
cfn=(762) std::basic_ios<char, std::char_traits<char> >::_M_cache_locale(std::locale const&)
calls=4 0 
0 12266
cob=(1)
cfi=(46)
cfn=(186)
calls=1 31 
0 1163
0 8
0 52

fn=(776) __cxxabiv1::__vmi_class_type_info::__do_dyncast(long, __cxxabiv1::__class_type_info::__sub_kind, __cxxabiv1::__class_type_info const*, void const*, __cxxabiv1::__class_type_info const*, void const*, __cxxabiv1::__class_type_info::__dyncast_result&) const
0 440
cob=(3)
cfi=(90)
cfn=(786)
calls=8 129 
0 392
cob=(1)
cfi=(46)
cfn=(186)
calls=1 31 
0 1046
0 12
0 24

fn=(792) std::ctype<char> const& std::use_facet<std::ctype<char> >(std::locale const&)
0 16
cfn=(586)
calls=4 0 
0 20
0 4
0 44
cfn=(774)
calls=4 0 
0 596
0 4
0 16

fn=(812) bool std::has_facet<std::num_get<char, std::istreambuf_iterator<char, std::char_traits<char> > > >(std::locale const&)
0 16
cfn=(586)
calls=4 0 
0 20
0 4
0 52
cfn=(774)
calls=4 0 
0 304
0 4
0 16

fn=(824) std::basic_ios<wchar_t, std::char_traits<wchar_t> >::init(std::basic_streambuf<wchar_t, std::char_traits<wchar_t> >*)
0 24
cfn=(744)
calls=4 0 
0 316
0 4
0 12
cfn=(830) std::basic_ios<wchar_t, std::char_traits<wchar_t> >::_M_cache_locale(std::locale const&)
calls=4 0 
0 9935
cob=(1)
cfi=(46)
cfn=(186)
calls=1 31 
0 1155
0 8
0 52

fn=(836) bool std::has_facet<std::ctype<wchar_t> >(std::locale const&)
0 16
cfn=(586)
calls=4 0 
0 20
0 4
0 52
cfn=(774)
calls=4 0 
0 304
0 4
0 16

fn=(866) std::num_get<wchar_t, std::istreambuf_iterator<wchar_t, std::char_traits<wchar_t> > > const& std::use_facet<std::num_get<wchar_t, std::istreambuf_iterator<wchar_t, std::char_traits<wchar_t> > > >(std::locale const&)
0 16
cfn=(586)
calls=4 0 
0 20
0 4
0 44
cfn=(774)
calls=4 0 
0 304
0 4
0 16

fn=(1194)
0 8
cob=(3)
cfi=(129)
cfn=(1180)
calls=1 31 
0 969
cob=(1)
cfi=(46)
cfn=(186)
calls=1 31 
0 1166
0 5
0 1
cfn=(1218) 0x000000000005c080
calls=1 0 
0 9
0 3

fn=(1214)
0 3
cfn=(1210) std::error_category::~error_category()
calls=1 0 
0 4
0 1

fn=(394)
0 73

fn=(472)
0 54

fn=(560)
0 91
cfn=(562) 0x000000000006f2d0
calls=1 0 
0 2335
0 1

fn=(686)
0 12
cfn=(560)
calls=1 0 
0 9
0 1
0 5

fn=(698)
0 108

fn=(722)
0 12
cfn=(560)
calls=1 0 
0 9
0 1
0 2
cfn=(548)
calls=1 0 
0 2
0 1
0 5

fn=(756) std::locale::~locale()
0 96

fn=(806) std::num_put<char, std::ostreambuf_iterator<char, std::char_traits<char> > > const& std::use_facet<std::num_put<char, std::ostreambuf_iterator<char, std::char_traits<char> > > >(std::locale const&)
0 16
cfn=(586)
calls=4 0 
0 20
0 4
0 44
cfn=(774)
calls=4 0 
0 304
0 4
0 16

fn=(842) std::ctype<wchar_t> const& std::use_facet<std::ctype<wchar_t> >(std::locale const&)
0 16
cfn=(586)
calls=4 0 
0 20
0 4
0 44
cfn=(774)
calls=4 0 
0 304
0 4
0 16

fn=(860) bool std::has_facet<std::num_get<wchar_t, std::istreambuf_iterator<wchar_t, std::char_traits<wchar_t> > > >(std::locale const&)
0 16
cfn=(586)
calls=4 0 
0 20
0 4
0 52
cfn=(774)
calls=4 0 
0 304
0 4
0 16

fn=(346)
0 16

fn=(354)
0 2
cfn=(362)
calls=1 0 
0 3610
cob=(1)
cfi=(46)
cfn=(186)
calls=1 31 
0 782
0 5
0 4

fn=(374)
0 12

fn=(522) std::ios_base::Init::Init()
0 35
cfn=(528)
calls=1 0 
0 56629
cob=(1)
cfi=(46)
cfn=(186)
calls=1 31 
0 723
0 5
0 16
cfn=(528)
calls=1 0 
0 29
0 1
0 14
cfn=(528)
calls=1 0 
0 29
0 1
0 6
cfn=(732)
calls=1 0 
0 89
cob=(1)
cfi=(46)
cfn=(186)
calls=1 31 
0 733
0 5
0 15
cfn=(738)
calls=1 0 
0 13480
cob=(1)
cfi=(46)
cfn=(186)
calls=1 31 
0 1182
0 5
0 3
cfn=(732)
calls=1 0 
0 89
0 1
0 16
cfn=(738)
calls=1 0 
0 903
0 1
0 3
cfn=(732)
calls=1 0 
0 89
0 1
0 14
cfn=(738)
calls=1 0 
0 903
0 1
0 3
cfn=(732)
calls=1 0 
0 89
0 1
0 14
cfn=(738)
calls=1 0 
0 903
0 1
0 16
cfn=(528)
calls=1 0 
0 29
0 1
0 16
cfn=(528)
calls=1 0 
0 29
0 1
0 14
cfn=(528)
calls=1 0 
0 29
0 1
0 6
cfn=(732)
calls=1 0 
0 89
0 1
0 15
cfn=(824)
calls=1 0 
0 9235
cob=(1)
cfi=(46)
cfn=(186)
calls=1 31 
0 1198
0 5
0 3
cfn=(732)
calls=1 0 
0 89
0 1
0 16
cfn=(824)
calls=1 0 
0 757
0 1
0 3
cfn=(732)
calls=1 0 
0 89
0 1
0 14
cfn=(824)
calls=1 0 
0 757
0 1
0 3
cfn=(732)
calls=1 0 
0 89
0 1
0 14
cfn=(824)
calls=1 0 
0 757
0 1
0 11

fn=(586)
0 700

fn=(598)
0 413

fn=(610)
0 112

fn=(670) std::ctype<wchar_t>::_M_convert_to_wmask(unsigned short) const
0 64
cob=(3)
cfi=(86)
cfn=(676)
calls=1 28 
0 187
0 1
0 24
cob=(3)
cfi=(86)
cfn=(676)
calls=1 28 
0 380
0 1
0 17
cob=(3)
cfi=(86)
cfn=(676)
calls=1 28 
0 583
0 1
0 3
cob=(3)
cfi=(86)
cfn=(676)
calls=1 28 
0 107
cob=(1)
cfi=(46)
cfn=(186)
calls=1 31 
0 1118
0 5
0 3
cob=(3)
cfi=(86)
cfn=(676)
calls=1 28 
0 328
0 1
0 9
cob=(3)
cfi=(86)
cfn=(676)
calls=1 28 
0 521
0 1
0 3
cob=(3)
cfi=(86)
cfn=(676)
calls=1 28 
0 239
0 1
0 3
cob=(3)
cfi=(86)
cfn=(676)
calls=1 28 
0 140
0 1
0 3
cob=(3)
cfi=(86)
cfn=(676)
calls=1 28 
0 195
0 1

fn=(744)
0 72
cfn=(528)
calls=8 0 
0 232
0 8
0 24
cfn=(750) std::locale::operator=(std::locale const&)
calls=8 0 
0 136
cob=(1)
cfi=(46)
cfn=(186)
calls=1 31 
0 774
0 12
0 16
cfn=(756)
calls=8 0 
0 96
cob=(1)
cfi=(46)
cfn=(186)
calls=1 31 
0 739
0 12
0 32

fn=(768) bool std::has_facet<std::ctype<char> >(std::locale const&)
0 16
cfn=(586)
calls=4 0 
0 20
0 4
0 52
cfn=(774)
calls=4 0 
0 1646
cob=(1)
cfi=(46)
cfn=(186)
calls=1 31 
0 698
0 8
0 16

fn=(1130) std::ostream::flush()
0 27
cfn=(1132) __gnu_cxx::stdio_sync_filebuf<char, std::char_traits<char> >::sync()
calls=3 0 
0 1207
0 15

fn=(1132)
0 6
cob=(3)
cfi=(126)
cfn=(1138)
calls=3 36 
0 165
cob=(1)
cfi=(46)
cfn=(186)
calls=1 31 
0 1029
0 7

fn=(1218)
0 9

fn=(474)
0 5
cfn=(374)
calls=1 0 
0 4
0 1
0 7
cob=(3)
cfi=(74)
cfn=(386)
calls=1 57 
0 65
0 1
0 3
cfn=(374)
calls=1 0 
0 4
0 1
0 7
cob=(3)
cfi=(74)
cfn=(386)
calls=1 57 
0 65
0 1

fn=(554)
0 14
cfn=(560)
calls=1 0 
0 2346
cob=(1)
cfi=(46)
cfn=(186)
calls=1 31 
0 912
0 5
0 147

fn=(568) std::locale::facet::_S_create_c_locale(__locale_struct*&, char const*, __locale_struct*)
0 4
cob=(3)
cfi=(79)
cfn=(574)
calls=1 46 
0 39
cob=(1)
cfi=(46)
cfn=(186)
calls=1 31 
0 1126
0 5
0 5

fn=(622) std::__timepunct<char>::_M_initialize_timepunct(__locale_struct*)
0 10
cfn=(560)
calls=1 0 
0 9
0 1
0 97

fn=(634)
0 12
cfn=(560)
calls=1 0 
0 9
0 1
0 7
cfn=(640) std::ctype<wchar_t>::_M_initialize_ctype()
calls=1 0 
0 21845
cob=(1)
cfi=(46)
cfn=(186)
calls=1 31 
0 896
0 5

fn=(798) bool std::has_facet<std::num_put<char, std::ostreambuf_iterator<char, std::char_traits<char> > > >(std::locale const&)
0 16
cfn=(586)
calls=4 0 
0 20
0 4
0 52
cfn=(774)
calls=4 0 
0 304
0 4
0 16

fn=(830)
0 28
cfn=(836)
calls=4 0 
0 416
cob=(1)
cfi=(46)
cfn=(186)
calls=1 31 
0 921
0 8
0 16
cfn=(842)
calls=4 0 
0 408
cob=(1)
cfi=(46)
cfn=(186)
calls=1 31 
0 940
0 8
0 12
cfn=(848)
calls=4 0 
0 416
cob=(1)
cfi=(46)
cfn=(186)
calls=1 31 
0 1327
0 8
0 16
cfn=(854)
calls=4 0 
0 408
cob=(1)
cfi=(46)
cfn=(186)
calls=1 31 
0 1386
0 8
0 12
cfn=(860)
calls=4 0 
0 416
cob=(1)
cfi=(46)
cfn=(186)
calls=1 31 
0 1335
0 8
0 16
cfn=(866)
calls=4 0 
0 408
cob=(1)
cfi=(46)
cfn=(186)
calls=1 31 
0 1386
0 8
0 20

fn=(1210)
0 12

fn=(528)
0 132
cfn=(530)
calls=22 0 
0 56776
0 330

fn=(562)
0 4
cfn=(568)
calls=1 0 
0 1179
cob=(1)
cfi=(46)
cfn=(186)
calls=1 31 
0 1147
0 5

fn=(640)
0 9
cob=(3)
cfi=(80)
cfn=(646)
calls=1 32 
0 21
cob=(1)
cfi=(46)
cfn=(186)
calls=1 31 
0 1112
0 5
0 770
cob=(3)
cfi=(81)
cfn=(652)
calls=128 33 
0 1792
cob=(1)
cfi=(46)
cfn=(186)
calls=1 31 
0 1030
0 132
0 260
cob=(3)
cfi=(82)
cfn=(658)
calls=1 35 
0 18
cob=(1)
cfi=(46)
cfn=(186)
calls=1 31 
0 1013
0 5
0 510
cob=(3)
cfi=(82)
cfn=(658)
calls=255 35 
0 8814
0 255
0 1067
cfn=(670)
calls=8 0 
0 2786
cob=(1)
cfi=(46)
cfn=(186)
calls=1 31 
0 913
0 12
0 16
cfn=(670)
calls=4 0 
0 1154
0 4
0 123
cob=(3)
cfi=(80)
cfn=(646)
calls=1 32 
0 21
0 1
0 2

fn=(692)
0 349

fn=(704)
0 108

fn=(716) std::__timepunct<wchar_t>::_M_initialize_timepunct(__locale_struct*)
0 9
cfn=(560)
calls=1 0 
0 9
0 1
0 96

fn=(750)
0 136

fn=(1148) std::basic_ostream<wchar_t, std::char_traits<wchar_t> >::flush()
0 27
cfn=(1150)
calls=3 0 
0 174
0 15

fn=(1204)
0 3
cfn=(1210)
calls=1 0 
0 4
cob=(1)
cfi=(46)
cfn=(186)
calls=1 31 
0 817
0 5

fn=(616)
0 14
cfn=(548)
calls=1 0 
0 2
0 1
0 4
cfn=(622)
calls=1 0 
0 117
cob=(1)
cfi=(46)
cfn=(186)
calls=1 31 
0 1148
0 5
0 4

fn=(710)
0 14
cfn=(548)
calls=1 0 
0 2
0 1
0 4
cfn=(716)
calls=1 0 
0 115
cob=(1)
cfi=(46)
cfn=(186)
calls=1 31 
0 1164
0 5
0 4

fn=(762)
0 28
cfn=(768)
calls=4 0 
0 2460
cob=(1)
cfi=(46)
cfn=(186)
calls=1 31 
0 929
0 8
0 16
cfn=(792)
calls=4 0 
0 700
cob=(1)
cfi=(46)
cfn=(186)
calls=1 31 
0 967
0 8
0 12
cfn=(798)
calls=4 0 
0 416
cob=(1)
cfi=(46)
cfn=(186)
calls=1 31 
0 1359
0 8
0 16
cfn=(806)
calls=4 0 
0 408
cob=(1)
cfi=(46)
cfn=(186)
calls=1 31 
0 1354
0 8
0 12
cfn=(812)
calls=4 0 
0 416
cob=(1)
cfi=(46)
cfn=(186)
calls=1 31 
0 1327
0 8
0 16
cfn=(818)
calls=4 0 
0 408
cob=(1)
cfi=(46)
cfn=(186)
calls=1 31 
0 1354
0 8
0 20

fn=(888) operator new(unsigned long)
0 80991
cob=(3)
cfi=(96)
cfn=(894)
calls=8999 2910 
0 1794375
cob=(1)
cfi=(46)
cfn=(186)
calls=1 31 
0 1089
0 9003
0 53994

fn=(368)
0 26

fn=(446)
0 49

fn=(548)
0 10

fn=(774)
0 1296
cfn=(800)
calls=40 0 
0 1400
cfn=(776)
calls=8 0 
0 1914
0 672

fn=(1124)
0 7
cfn=(1130)
calls=1 0 
0 1105
cob=(1)
cfi=(46)
cfn=(186)
calls=1 31 
0 687
0 5
0 2
cfn=(1130)
calls=1 0 
0 72
0 1
0 2
cfn=(1130)
calls=1 0 
0 72
0 1
0 2
cfn=(1148)
calls=1 0 
0 72
cob=(1)
cfi=(46)
cfn=(186)
calls=1 31 
0 1011
0 5
0 2
cfn=(1148)
calls=1 0 
0 72
0 1
0 2
cfn=(1148)
calls=1 0 
0 72
0 1
0 7

fn=(1212)
0 3
cfn=(1210)
calls=1 0 
0 4
0 1

ob=(2)
fl=(14)
fn=(1192)
0 3

fn=(1224)
0 3

fn=(312)
0 2
cob=(6)
cfi=(72)
cfn=(314) 0x0000000000002ef0
calls=1 0 
0 6
0 2

fn=(1246)
0 3

fn=(338)
0 2
cob=(7)
cfi=(73)
cfn=(340)
calls=1 0 
0 6
0 2

fn=(240)
0 2
cob=(5)
cfi=(59)
cfn=(242)
calls=1 0 
0 6
0 2

fn=(292)
0 2
cob=(4)
cfi=(52)
cfn=(294)
calls=1 0 
0 6
0 1
cob=(4)
cfi=(52)
cfn=(300)
calls=1 0 
0 6
0 1
cob=(4)
cfi=(52)
cfn=(306)
calls=1 0 
0 11
0 2

fn=(496) 0x0000000000400900
0 2
cob=(8)
cfi=(75)
cfn=(498) 0x0000000000400a5c
calls=1 0 
0 6
0 2

fn=(1166)
0 3

fn=(1248)
0 2
cob=(4)
cfi=(52)
cfn=(1250)
calls=1 0 
0 1269
0 2

ob=(6)
fl=(72)
fn=(326) 0x0000000000002b40
0 53

fn=(1240) 0x0000000000002f10
0 9

fn=(314)
0 6

fn=(320)
0 32
cfn=(322) 0x0000000000002c10
calls=1 0 
0 20
0 13
cfn=(322)
calls=1 0 
0 20
0 34
cfn=(326)
calls=1 0 
0 53
0 10

fn=(322)
0 40

fn=(330)
0 16

fn=(1226)
0 8
cob=(3)
cfi=(129)
cfn=(1180)
calls=1 31 
0 75
cob=(1)
cfi=(46)
cfn=(186)
calls=1 31 
0 1166
0 5
0 1
cfn=(1240)
calls=1 0 
0 9
0 3

ob=(8)
fl=(95) /usr/include/c++/4.8/ext/new_allocator.h
fn=(930) __gnu_cxx::new_allocator<node*>::allocate(unsigned long, void const*)
99 6
+2 3
cfn=(932) __gnu_cxx::new_allocator<node*>::max_size() const
calls=1 +12 
* 6
* 4
+3 4
cob=(7)
cfi=(73)
cfn=(888)
calls=1 0 
* 197
* 1
+1 2

fn=(1052) __gnu_cxx::new_allocator<edge*>::construct(edge**, edge* const&)
129 44808
+1 29872
cfi=(120) /usr/include/c++/4.8/new
cfn=(1054) operator new(unsigned long, void*)
calls=7468 -20 
* 52276
* 52276

fn=(922) __gnu_cxx::new_allocator<node*>::new_allocator(__gnu_cxx::new_allocator<node*> const&)
81 6

fn=(954) __gnu_cxx::new_allocator<node*>::~new_allocator()
86 5

fn=(1032) __gnu_cxx::new_allocator<edge*>::max_size() const
113 11961
+1 11961

fn=(1004) __gnu_cxx::new_allocator<edge*>::new_allocator()
79 1000

fn=(932)
113 3
+1 3

fn=(1048) __gnu_cxx::new_allocator<edge*>::allocate(unsigned long, void const*)
99 7974
+2 3987
cfn=(1032)
calls=1329 +12 
* 7974
* 5316
+3 5316
cob=(7)
cfi=(73)
cfn=(888)
calls=1329 0 
* 267619
* 1329
+1 2658

fn=(882) __gnu_cxx::new_allocator<node*>::new_allocator()
79 5

fn=(1098) __gnu_cxx::new_allocator<edge*>::deallocate(edge**, unsigned long)
109 6774
+1 3387
cob=(7)
cfi=(73)
cfn=(1104)
calls=1129 0 
* 110162
cob=(1)
cfi=(46)
cfn=(186)
calls=1 -79 
* 788
* 1133
* 2258

fl=(105) /usr/include/c++/4.8/bits/stl_uninitialized.h
fn=(1060) edge** std::__uninitialized_copy_a<edge**, edge**, edge*>(edge**, edge**, edge**, std::allocator<edge*>&)
256 18606
+2 15948
cfn=(1062) edge** std::uninitialized_copy<edge**, edge**>(edge**, edge**, edge**)
calls=2658 107 
* 536596
* 5316

fn=(938) void std::__uninitialized_fill_n_a<node**, unsigned long, node*, node*>(node**, unsigned long, node* const&, std::allocator<node*>&)
332 7
+2 6
cfn=(940) void std::uninitialized_fill_n<node**, unsigned long, node*>(node**, unsigned long, node* const&)
calls=1 218 
* 1475
* 2

fn=(1058) edge** std::__uninitialized_move_if_noexcept_a<edge**, edge**, std::allocator<edge*> >(edge**, edge**, edge**, std::allocator<edge*>&)
274 18606
+7 15948
cfn=(1060)
calls=2658 -25 
* 576466
+1 5316

fn=(1062)
107 15948
+10 15948
cfn=(1064) edge** std::__uninitialized_copy<true>::__uninit_copy<edge**, edge**>(edge**, edge**, edge**)
calls=2658 -26 
* 499384
+1 5316

fn=(940)
218 6
+5 6
cfn=(942) void std::__uninitialized_fill_n<true>::__uninit_fill_n<node**, unsigned long, node*>(node**, unsigned long, node* const&)
calls=1 -21 
* 1461
+2 2

fn=(942)
202 6
+2 6
cfi=(106) /usr/include/c++/4.8/bits/stl_algobase.h
cfn=(944) node** std::fill_n<node**, unsigned long, node*>(node**, unsigned long, node* const&)
calls=1 781 
* 1447
* 2

fn=(1064)
91 15948
+2 15948
cfi=(106)
cfn=(1066) edge** std::copy<edge**, edge**>(edge**, edge**, edge**)
calls=2658 450 
* 462172
* 5316

fl=(120)
fn=(1054)
110 52276

fl=(77)
fn=(878)
48 9
+2 5
cfi=(94) /usr/include/c++/4.8/bits/allocator.h
cfn=(880) std::allocator<node*>::allocator()
calls=1 +63 
* 14
* 3
cob=(7)
cfi=(73)
cfn=(888)
calls=1 -50 
* 60115
cob=(1)
cfi=(46)
cfn=(186)
calls=1 -19 
* 764
* 5
* 6
cfi=(104) /usr/include/c++/4.8/bits/stl_vector.h
cfn=(914) std::vector<node*, std::allocator<node*> >::vector(unsigned long, node* const&, std::allocator<node*> const&)
calls=1 295 
* 1865
* 4
cfi=(94)
cfn=(952) std::allocator<node*>::~allocator()
calls=1 +71 
* 14
+5 2
+1 2
+2 400
+1 600
cfn=(956) inpLine(char*)
calls=200 +39 
* 586039
+1 600
cfn=(990) getInt(char**)
calls=200 +19 
* 15024
* 200
+1 1400
cfi=(104)
cfn=(992) std::vector<node*, std::allocator<node*> >::operator[](unsigned long)
calls=200 770 
* 2200
* 630
cob=(7)
cfi=(73)
cfn=(888)
calls=15 -61 
* 3139
* 15
* 105
cfn=(994) node::node(int, int)
calls=15 -38 
* 1035
* 1325
cfi=(104)
cfn=(992)
calls=185 770 
* 2035
* 370
+1 185
-1 15
+1 15
+2 11202
cfn=(990)
calls=3734 +15 
* 328586
* 3734
+1 11202
cfn=(990)
calls=3734 +14 
* 446220
* 3734
+1 26138
cfi=(104)
cfn=(992)
calls=3734 770 
* 41074
* 11572
cob=(7)
cfi=(73)
cfn=(888)
calls=185 -66 
* 36049
* 185
* 1295
cfn=(994)
calls=185 -43 
* 12765
* 25213
cfi=(104)
cfn=(992)
calls=3549 770 
* 39039
* 7098
+1 7098
cob=(7)
cfi=(73)
cfn=(888)
calls=3549 -67 
* 755517
* 3549
-1 185
+1 370
cob=(7)
cfi=(73)
cfn=(888)
calls=185 -67 
* 33515
* 185
* 26138
cfn=(1014) edge::edge(node*, node*, unsigned int)
calls=3734 -28 
* 63478
* 3734
+1 7468
cob=(7)
cfi=(73)
cfn=(888)
calls=3734 -68 
* 783301
* 3734
* 26138
cfn=(1014)
calls=3734 -29 
* 63478
* 3734
+1 22404
cfi=(104)
cfn=(1016) std::vector<edge*, std::allocator<edge*> >::push_back(edge* const&)
calls=3734 901 
* 781549
+1 22404
cfi=(104)
cfn=(1016)
calls=3734 901 
* 1367031
+1 26138
cfi=(104)
cfn=(992)
calls=3734 770 
* 41074
* 7468
-9 11202
cob=(3)
cfi=(116)
cfn=(1012)
calls=3734 -29 
* 159066
* 3734
* 600
cob=(3)
cfi=(116)
cfn=(1012)
calls=200 -29 
* 12594
cob=(1)
cfi=(46)
cfn=(186)
calls=1 -31 
* 1040
* 204
* 7868
+11 1400
cfi=(104)
cfn=(992)
calls=200 770 
* 2200
* 400
-17 602
+20 1
+1 9

fn=(990)
79 23004
+1 38340
+1 7668
+1 135424
+1 7668
+1 435042
-1 112012
+2 15336
+1 15336

fn=(994)
23 1200
+1 800
cfi=(104)
cfn=(996) std::vector<edge*, std::allocator<edge*> >::vector()
calls=200 248 
* 9400
+1 600
+1 600
+1 400
+1 400
+1 400

fn=(956)
98 1200
+1 200
+1 200
+1 200
+1 200
cob=(3)
cfi=(108)
cfn=(962)
calls=200 -66 
* 1815
cob=(1)
cfi=(46)
cfn=(186)
calls=1 -71 
* 1198
* 204
* 200
-1 800
+2 200
+1 128148
+1 32037
cob=(3)
cfi=(108)
cfn=(962)
calls=32037 -69 
* 257052
* 32037
* 32037
+1 32037
-3 64474
+5 800
+1 1000

fn=(1014)
39 44808
+2 22404
+1 22404
+1 22404
+1 14936

fn=(512) _GLOBAL__sub_I_main
109 5
cfn=(514) __static_initialization_and_destruction_0(int, int)
calls=1 * 
* 91627
* 2

fn=(514)
109 9
fi=(78) /usr/include/c++/4.8/iostream
-35 2
cob=(7)
cfi=(73)
cfn=(522)
calls=1 -74 
* 89325
cob=(1)
cfi=(46)
cfn=(186)
calls=1 -43 
* 1076
* 5
* 4
cob=(3)
cfi=(74)
cfn=(386)
calls=1 -17 
* 65
cob=(1)
cfi=(46)
cfn=(186)
calls=1 -43 
* 1134
* 5
fe=(77)
+35 2

fl=(118) /usr/include/c++/4.8/bits/vector.tcc
fn=(1022) std::vector<edge*, std::allocator<edge*> >::_M_insert_aux(__gnu_cxx::__normal_iterator<edge**, std::vector<edge*, std::allocator<edge*> > >, edge* const&)
318 10632
+4 7974
+21 6645
cfi=(104)
cfn=(1024) std::vector<edge*, std::allocator<edge*> >::_M_check_len(unsigned long, char const*) const
calls=1329 1336 
* 240749
* 1329
+1 3987
cfi=(104)
cfn=(1038) std::vector<edge*, std::allocator<edge*> >::begin()
calls=1329 538 
* 29238
* 7974
cfi=(117) /usr/include/c++/4.8/bits/stl_iterator.h
cfn=(1040) __gnu_cxx::__normal_iterator<edge**, std::vector<edge*, std::allocator<edge*> > >::difference_type __gnu_cxx::operator-<edge**, std::vector<edge*, std::allocator<edge*> > >(__gnu_cxx::__normal_iterator<edge**, std::vector<edge*, std::allocator<edge*> > > const&, __gnu_cxx::__normal_iterator<edge**, std::vector<edge*, std::allocator<edge*> > > const&)
calls=1329 896 
* 45186
* 1329
+1 6645
cfi=(104)
cfn=(1044) std::_Vector_base<edge*, std::allocator<edge*> >::_M_allocate(unsigned long)
calls=1329 167 
* 323437
* 1329
+1 2658
+12 6645
-5 5316
cfi=(119) /usr/include/c++/4.8/ext/alloc_traits.h
cfn=(1050) void __gnu_cxx::__alloc_traits<std::allocator<edge*> >::construct<edge*>(std::allocator<edge*>&, edge**, edge* const&)
calls=1329 215 
* 50502
+7 1329
+5 3987
cfi=(104)
cfn=(1056) std::_Vector_base<edge*, std::allocator<edge*> >::_M_get_Tp_allocator()
calls=1329 113 
* 7974
* 5316
cfi=(117)
cfn=(1042) __gnu_cxx::__normal_iterator<edge**, std::vector<edge*, std::allocator<edge*> > >::base() const
calls=1329 790 
* 7974
* 3987
-3 5316
cfi=(105)
cfn=(1058)
calls=1329 -88 
* 326614
* 1329
+5 1329
+5 3987
cfi=(104)
cfn=(1056)
calls=1329 113 
* 7974
* 7974
cfi=(117)
cfn=(1042)
calls=1329 790 
* 7974
* 1329
-3 6645
cfi=(105)
cfn=(1058)
calls=1329 -95 
* 289722
* 1329
+16 3987
cfi=(104)
cfn=(1056)
calls=1329 113 
* 7974
* 6645
-1 3987
cfi=(121) /usr/include/c++/4.8/bits/stl_construct.h
cfn=(1080) void std::_Destroy<edge**, edge*>(edge**, edge**, std::allocator<edge*>&)
calls=1329 148 
* 41199
+4 15948
-2 3987
cfi=(104)
cfn=(1086) std::_Vector_base<edge*, std::allocator<edge*> >::_M_deallocate(edge**, unsigned long)
calls=1329 171 
* 144566
+3 3987
+1 3987
+1 7974
+2 7974

fl=(75)
fn=(504) 0x0000000000400b10
0 15

fn=(498)
0 6

fn=(1160) 0x0000000000400a80
0 8

fn=(484)
0 11
cob=(3)
cfi=(76)
cfn=(492)
calls=1 96 
0 6037190
cob=(1)
cfi=(46)
cfn=(186)
calls=1 31 
0 1206
0 5

fn=(494)
0 15
cob=(2)
cfi=(14)
cfn=(496)
calls=1 0 
0 10
0 8
cfn=(504)
calls=1 0 
0 15
0 4
cfi=(77)
cfn=(512)
calls=1 109 
0 91634
0 14

fn=(1156)
0 5
cfn=(1160)
calls=1 0 
0 8
0 3

fl=(107) /usr/include/c++/4.8/bits/stl_iterator_base_types.h
fn=(1070) std::_Iter_base<edge**, false>::_S_base(edge**)
212 39870
+1 39870

fn=(948) std::_Iter_base<node**, false>::_S_base(node**)
212 3
+1 3

fl=(104)
fn=(936) std::_Vector_base<node*, std::allocator<node*> >::_M_get_Tp_allocator()
113 3
+1 3

fn=(1044)
167 6645
0 10632
fi=(75)
cfi=(95)
cfn=(1048)
calls=1329 99 
0 302173
0 3987

fn=(1086)
171 7974
+2 2658
+1 6774
cfi=(95)
cfn=(1098)
calls=1129 -65 
* 124502
+1 2658

fn=(916) std::_Vector_base<node*, std::allocator<node*> >::_Vector_base(unsigned long, std::allocator<node*> const&)
134 7
+1 5
cfn=(918) std::_Vector_base<node*, std::allocator<node*> >::_Vector_impl::_Vector_impl(std::allocator<node*> const&)
calls=1 -45 
* 36
+1 5
cfn=(924) std::_Vector_base<node*, std::allocator<node*> >::_M_create_storage(unsigned long)
calls=1 +43 
* 264
* 5

fn=(918)
90 5
+1 5
cfi=(94)
cfn=(920) std::allocator<node*>::allocator(std::allocator<node*> const&)
calls=1 +24 
* 18
* 6
+1 2

fn=(934) std::vector<node*, std::allocator<node*> >::_M_fill_initialize(unsigned long, node* const&)
1212 6
+3 3
cfn=(936)
calls=1 113 
* 6
* 3
-1 4
cfi=(105)
cfn=(938)
calls=1 332 
* 1490
+2 4
+1 2

fn=(992)
770 46408
+1 81214

fn=(1034) std::vector<edge*, std::allocator<edge*> >::size() const
645 15948
+1 53160

fn=(996)
248 800
+1 600
cfn=(998) std::_Vector_base<edge*, std::allocator<edge*> >::_Vector_base()
calls=200 124 
* 7600
* 400

fn=(1016)
901 37340
+2 44808
+3 18417
-1 24556
cfi=(119)
cfn=(1050)
calls=6139 215 
* 233282
+2 36834
+6 3987
cfn=(1018) std::vector<edge*, std::allocator<edge*> >::end()
calls=1329 556 
* 30567
* 7974
cfi=(118)
cfn=(1022)
calls=1329 318 
* 1695879
+2 14936

fn=(1024)
1336 9303
+2 3987
cfn=(1026) std::vector<edge*, std::allocator<edge*> >::max_size() const
calls=1329 650 
* 42528
* 5316
cfn=(1034)
calls=1329 645 
* 17277
* 9303
+3 3987
cfn=(1034)
calls=1329 645 
* 17277
* 5316
cfn=(1034)
calls=1329 645 
* 17277
* 7974
cfi=(106)
cfn=(1036) unsigned long const& std::max<unsigned long>(unsigned long const&, unsigned long const&)
calls=1329 216 
* 17477
* 3987
+1 3987
cfn=(1034)
calls=1329 645 
* 17277
* 6645
cfn=(1026)
calls=1329 650 
* 42528
* 3987
+1 5316

fn=(1018)
556 5316
+1 7974
cfi=(117)
cfn=(1020) __gnu_cxx::__normal_iterator<edge**, std::vector<edge*, std::allocator<edge*> > >::__normal_iterator(edge** const&)
calls=1329 726 
* 13290
* 3987

fn=(926) std::_Vector_base<node*, std::allocator<node*> >::_M_allocate(unsigned long)
167 5
0 8
fi=(75)
cfi=(95)
cfn=(930)
calls=1 99 
0 223
0 3

fn=(1038)
538 5316
+1 6645
cfi=(117)
cfn=(1020)
calls=1329 726 
* 13290
* 3987

fn=(1056)
113 11961
+1 11961

fn=(1000) std::_Vector_base<edge*, std::allocator<edge*> >::_Vector_impl::_Vector_impl()
86 800
+1 600
cfi=(94)
cfn=(1002) std::allocator<edge*>::allocator()
calls=200 +26 
* 2800
* 1200
+1 400

fn=(1026)
650 10632
+1 7974
cfn=(1028) std::_Vector_base<edge*, std::allocator<edge*> >::_M_get_Tp_allocator() const
calls=2658 117 
* 15948
* 5316
cfi=(119)
cfn=(1030) __gnu_cxx::__alloc_traits<std::allocator<edge*> >::max_size(std::allocator<edge*> const&)
calls=2658 221 
* 39870
* 5316

fn=(1028)
117 7974
+1 7974

fn=(914)
295 8
+2 6
cfn=(916)
calls=1 134 
* 322
+1 6
cfn=(934)
calls=1 1212 
* 1518
* 5

fn=(924)
179 5
+2 5
cfn=(926)
calls=1 -14 
* 239
* 2
+1 4
+1 7
+1 2

fn=(998)
124 800
+1 600
cfn=(1000)
calls=200 -39 
* 5800
* 400

fl=(106)
fn=(944)
781 6
+5 3
cfn=(946) std::_Niter_base<node**>::iterator_type std::__niter_base<node**>(node**)
calls=1 277 
* 15
* 5
cfn=(950) __gnu_cxx::__enable_if<std::__is_scalar<node*>::__value, node**>::__type std::__fill_n_a<node**, unsigned long, node*>(node**, unsigned long, node* const&)
calls=1 -40 
* 1416
+1 2

fn=(946)
277 4
+1 3
cfi=(107)
cfn=(948)
calls=1 -66 
* 6
* 2

fn=(950)
746 5
+2 3
+1 3
+2 600
-2 802
+3 1
+1 2

fn=(1066)
450 18606
+10 7974
cfn=(1068) std::_Miter_base<edge**>::iterator_type std::__miter_base<edge**>(edge**)
calls=2658 288 
* 39870
* 10632
cfn=(1068)
calls=2658 288 
* 39870
* 10632
cfn=(1072) edge** std::__copy_move_a2<false, edge**, edge**>(edge**, edge**, edge**)
calls=2658 -36 
* 323956
+1 10632

fn=(1074) std::_Niter_base<edge**>::iterator_type std::__niter_base<edge**>(edge**)
277 31896
+1 23922
cfi=(107)
cfn=(1070)
calls=7974 -66 
* 47844
* 15948

fn=(1072)
424 21264
+4 7974
cfn=(1074)
calls=2658 277 
* 39870
* 10632
cfn=(1074)
calls=2658 277 
* 39870
* 10632
cfn=(1074)
calls=2658 277 
* 39870
* 10632
cfn=(1076) edge** std::__copy_move_a<false, edge**, edge**>(edge**, edge**, edge**)
calls=2658 -49 
* 129922
+1 13290

fn=(1078) edge** std::__copy_move<false, true, std::random_access_iterator_tag>::__copy_m<edge*>(edge* const*, edge* const*, edge**)
368 15948
+2 15948
+1 5316
+1 7903
cob=(3)
cfi=(124)
cfn=(1096)
calls=1129 60 
* 26795
cob=(1)
cfi=(46)
cfn=(186)
calls=1 31 
* 1061
* 1133
+1 10632
+1 5316

fn=(1036)
216 5316
+5 7974
+1 400
+1 1129
+1 2658

fn=(1068)
288 21264
+1 15948
cfi=(107)
cfn=(1070)
calls=5316 -77 
* 31896
* 10632

fn=(1076)
379 15948
+8 2658
+3 15948
cfn=(1078)
calls=2658 -22 
* 90052
+1 5316

fl=(119)
fn=(1030)
221 10632
+1 7974
cfi=(95)
cfn=(1032)
calls=2658 113 
* 15948
* 5316

fn=(1050)
215 44808
+1 44808
cfi=(95)
cfn=(1052)
calls=7468 -87 
* 179232
* 14936

fl=(94)
fn=(920)
115 5
+1 5
cfi=(95)
cfn=(922)
calls=1 -35 
* 6
* 2

fn=(880)
113 7
cfi=(95)
cfn=(882)
calls=1 -34 
* 5
* 2

fn=(952)
121 7
cfi=(95)
cfn=(954)
calls=1 -35 
* 5
* 2

fn=(1002)
113 1400
cfi=(95)
cfn=(1004)
calls=200 -34 
* 1000
* 400

fl=(117)
fn=(1040)
896 7974
+2 3987
cfn=(1042)
calls=1329 790 
* 7974
* 6645
cfn=(1042)
calls=1329 790 
* 7974
* 10632

fn=(1020)
726 26580

fn=(1042)
790 15948
+1 15948

fl=(121)
fn=(1084) void std::_Destroy_aux<true>::__destroy<edge**>(edge**, edge**)
112 7974

fn=(1080)
148 7974
+3 6645
cfn=(1082) void std::_Destroy<edge**>(edge**, edge**)
calls=1329 -29 
* 23922
+1 2658

fn=(1082)
122 6645
+4 6645
cfn=(1084)
calls=1329 -14 
* 7974
+2 2658

totals: 7324809
